state_data;mode_probabilities;xprior0;xprior1;xpost0;xpost1;z;K0;K1;R0;R1;Q0;Q1;S0;S1
[894., 0, 0, -3., 0, 0.];[0.8, 0.2];[[0.], [0.], [0.], [0.], [0.], [0.]];[[0.], [0.], [0.], [0.], [0.], [0.]];[[0.], [0.], [0.], [0.], [0.], [0.]];[[0.], [0.], [0.], [0.], [0.], [0.]];[894., 0, 0, -3., 0, 0.];[[0, 0.], [0, 0.], [0, 0.], [0, 0.], [0, 0.], [0, 0.]];[[0, 0.], [0, 0.], [0, 0.], [0, 0.], [0, 0.], [0, 0.]];[[0, 0.], [0, 0.]];[[0, 0.], [0, 0.]];[[0, 0, 0, 0, 0, 0.], [0, 0, 0, 0, 0, 0.], [0, 0, 0, 0, 0, 0.], [0, 0, 0, 0, 0, 0.], [0, 0, 0, 0, 0, 0.], [0, 0, 0, 0, 0, 0.]];[[0, 0, 0, 0, 0, 0.], [0, 0, 0, 0, 0, 0.], [0, 0, 0, 0, 0, 0.], [0, 0, 0, 0, 0, 0.], [0, 0, 0, 0, 0, 0.], [0, 0, 0, 0, 0, 0.]];[[625., 0.], [  0, 625.]];[[625., 0.], [  0, 625.]]
[8.94000000e+02, 7.54205251e-18, 7.54105093e-18, -2.88318239e+00, 6.63361823e-05, 6.63317773e-05];[0.70999038, 0.29000962];[894., 0, 0, -3., 0, 0.];[894., 0, 0, -3., 0, 0.];[8.94000000e+02, 1.06213398e-17, 1.06213398e-17, -2.88317042e+00, 9.34262925e-05, 9.34262925e-05];[8.94000000e+02, 3.46002217e-21, 6.41056084e-24, -2.88321168e+00, 1.52173384e-08, 2.81939447e-11];[894., -2.];[[1.16829579e-01, -8.33151601e-33], [9.34262925e-05, 8.81350454e-37], [9.34262925e-05, 8.81350454e-37], [-8.33151601e-33, 1.16829579e-01], [8.81350454e-37, 9.34262925e-05], [8.81350454e-37, 9.34262925e-05]];[[1.16788321e-01, -1.66645889e-32], [1.52173384e-08, 2.87123342e-40], [2.81939447e-11, 5.31968168e-43], [-1.66645889e-32, 1.16788321e-01], [2.87123342e-40, 1.52173384e-08], [5.31968168e-43, 2.81939447e-11]];[[5.35181250e+03, -5.04870979e-29], [-5.04870979e-29, 5.35181250e+03]];[[5.35156250e+03, -1.00974196e-28], [-1.00974196e-28, 5.35156250e+03]];[[0.25, 0.5, 0.5, 0, 0, 0], [0.5, 1., 1., 0, 0, 0], [0.5, 1., 1., 0, 0, 0], [0, 0, 0, 0.25, 0.5, 0.5], [0, 0, 0, 0.5, 1., 1.], [0, 0, 0, 0.5, 1., 1.]];[[4.73187150e-12, 8.14365377e-05, 1.50881657e-07, 0.00000000e+00, 0.00000000e+00, 0.00000000e+00], [8.14365377e-05, 3.09459533e-07, 4.52795850e-05, 0.00000000e+00, 0.00000000e+00, 0.00000000e+00], [1.50881657e-07, 4.52795850e-05, 9.06346235e-03, 0.00000000e+00, 0.00000000e+00, 0.00000000e+00], [0.00000000e+00, 0.00000000e+00, 0.00000000e+00, 4.73187150e-12, 8.14365377e-05, 1.50881657e-07], [0.00000000e+00, 0.00000000e+00, 0.00000000e+00, 8.14365377e-05, 3.09459533e-07, 4.52795850e-05], [0.00000000e+00, 0.00000000e+00, 0.00000000e+00, 1.50881657e-07, 4.52795850e-05, 9.06346235e-03]];[[4726.5625, 0], [  0, 4726.5625]];[[4726.5625, 0], [  0, 4726.5625]]
[8.94000000e+02, 5.28764951e-17, 1.64696622e-17, -2.68558312e+00, 6.61101487e-04, 1.97048852e-04];[0.64694577, 0.35305423];[8.94000000e+02, 9.90743266e-18, 0.00000000e+00, -2.88308422e+00, 8.71456761e-05, 0.00000000e+00];[8.94000000e+02, 6.31693831e-18, 2.89333800e-18, -2.88315624e+00, 5.55537314e-05, 2.54500525e-05];[8.94000000e+02, 5.07329089e-17, 1.12209352e-17, -2.68543654e+00, 7.63370047e-04, 1.85861147e-04];[8.94000000e+02, 5.68044582e-17, 2.60875663e-17, -2.68585171e+00, 4.73701913e-04, 2.17549494e-04];[894., -1.];[[1.04959554e-01, 1.65125491e-22], [3.59104688e-04, -4.90221102e-26], [9.87003902e-05, -1.82091775e-26], [1.65125491e-22, 1.04959554e-01], [1.26065014e-22, 3.59104688e-04], [-1.82091775e-26, 9.87003902e-05]];[[1.04773319e-01, 7.46165209e-22], [2.22046461e-04, -3.16699051e-26], [1.02009295e-04, -1.47220661e-26], [7.46165209e-22, 1.04773319e-01], [8.35037136e-22, 2.22046462e-04], [3.82648267e-22, 1.02009295e-04]];[[5.28083677e+03, 9.74258501e-19], [9.74258501e-19, 5.28083677e+03]];[[5.27973820e+03, 4.40062505e-18], [4.40062505e-18, 5.27973820e+03]];[[0.27167097, 0.53216636, 0.52122065, 0, 0, 0], [0.53216636, 1.0424413, 1.02100015, 0, 0, 0], [0.52122065, 1.02100015, 1., 0, 0, 0], [0, 0, 0, 0.27167097, 0.53216636, 0.52122065], [0, 0, 0, 0.53216636, 1.0424413, 1.02100015], [0, 0, 0, 0.52122065, 1.02100015, 1.]];[[5.24400797e-12, 8.10761827e-05, 1.60254802e-07, 0.00000000e+00, 0.00000000e+00, 0.00000000e+00], [8.10761827e-05, 3.28859085e-07, 4.71039557e-05, 0.00000000e+00, 0.00000000e+00, 0.00000000e+00], [1.60254802e-07, 4.71039557e-05, 9.23503645e-03, 0.00000000e+00, 0.00000000e+00, 0.00000000e+00], [0.00000000e+00, 0.00000000e+00, 0.00000000e+00, 5.24400797e-12, 8.10761827e-05, 1.60254802e-07], [0.00000000e+00, 0.00000000e+00, 0.00000000e+00, 8.10761827e-05, 3.28859085e-07, 4.71039557e-05], [0.00000000e+00, 0.00000000e+00, 0.00000000e+00, 1.60254802e-07, 4.71039557e-05, 9.23503645e-03]];[[4726.5625, 0], [  0, 4726.5625]];[[4726.5625, 0], [  0, 4726.5625]]
[8.93485330e+02, -4.70191203e-03, -5.21339326e-04, -1.60150531e+00, 9.46194434e-03, 9.67373580e-04];[0.57187638, 0.42812362];[8.93660116e+02, -2.74672938e-03, 0.00000000e+00, -1.43220084e+00, 1.08596512e-02, 0.00000000e+00];[8.93660396e+02, -2.98375576e-03, -7.07160011e-04, -1.43339305e+00, 1.17734258e-02, 2.75214808e-03];[8.93485172e+02, -4.52584351e-03, -1.50167634e-05, -1.60107313e+00, 9.14227950e-03, -1.44956216e-05];[8.93485542e+02, -4.93709977e-03, -1.19767181e-03, -1.60208260e+00, 9.88894430e-03, 2.27892887e-03];[891., -4.];[[6.57653791e-02, -1.40440883e-11], [6.68810772e-04, 3.31406381e-12], [5.64515395e-06, 8.48620237e-17], [-1.40440883e-11, 6.57653791e-02], [2.94183001e-12, 6.68810763e-04], [8.48620237e-17, 5.64515395e-06]];[[6.57247315e-02, -2.35330308e-11], [7.34230672e-04, 1.25901873e-11], [1.84375490e-04, 2.83444651e-11], [-2.35330308e-11, 6.57247316e-02], [1.16658540e-11, 7.34230632e-04], [2.72122719e-11, 1.84375382e-04]];[[5.05928853e+03, -7.60548723e-08], [-7.60548723e-08, 5.05928853e+03]];[[5.05906841e+03, -1.27430552e-07], [-1.27430552e-07, 5.05906841e+03]];[[8.15700025e-04, 6.82594610e-03, 2.85604626e-02, 0.00000000e+00, 0.00000000e+00, 0.00000000e+00], [6.82594610e-03, 5.71209252e-02, 2.38999844e-01, 0.00000000e+00, 0.00000000e+00, 0.00000000e+00], [2.85604626e-02, 2.38999844e-01, 1.00000000e+00, 0.00000000e+00, 0.00000000e+00, 0.00000000e+00], [0.00000000e+00, 0.00000000e+00, 0.00000000e+00, 8.15700025e-04, 6.82594610e-03, 2.85604626e-02], [0.00000000e+00, 0.00000000e+00, 0.00000000e+00, 6.82594610e-03, 5.71209252e-02, 2.38999844e-01], [0.00000000e+00, 0.00000000e+00, 0.00000000e+00, 2.85604626e-02, 2.38999844e-01, 1.00000000e+00]];[[3.84771201e-15, 9.53047852e-05, 2.22164351e-09, 0.00000000e+00, 0.00000000e+00, 0.00000000e+00], [9.53047852e-05, 4.46996280e-09, 2.78872878e-06, 0.00000000e+00, 0.00000000e+00, 0.00000000e+00], [2.22164351e-09, 2.78872878e-06, 2.33377686e-03, 0.00000000e+00, 0.00000000e+00, 0.00000000e+00], [0.00000000e+00, 0.00000000e+00, 0.00000000e+00, 3.84771201e-15, 9.53047852e-05, 2.22164351e-09], [0.00000000e+00, 0.00000000e+00, 0.00000000e+00, 9.53047852e-05, 4.46996280e-09, 2.78872878e-06], [0.00000000e+00, 0.00000000e+00, 0.00000000e+00, 2.22164351e-09, 2.78872878e-06, 2.33377686e-03]];[[4726.5625, 0], [  0, 4726.5625]];[[4726.5625, 0], [  0, 4726.5625]]
[8.93485330e+02, -4.70191203e-03, -5.21339326e-04, -1.60150531e+00, 9.46194434e-03, 9.67373580e-04];[0.57187638, 0.42812362];[8.93660116e+02, -2.74672938e-03, 0.00000000e+00, -1.43220084e+00, 1.08596512e-02, 0.00000000e+00];[8.93660396e+02, -2.98375576e-03, -7.07160011e-04, -1.43339305e+00, 1.17734258e-02, 2.75214808e-03];[8.93485172e+02, -4.52584351e-03, -1.50167634e-05, -1.60107313e+00, 9.14227950e-03, -1.44956216e-05];[8.93485542e+02, -4.93709977e-03, -1.19767181e-03, -1.60208260e+00, 9.88894430e-03, 2.27892887e-03];[891., -4.];[[6.57653791e-02, -1.40440883e-11], [6.68810772e-04, 3.31406381e-12], [5.64515395e-06, 8.48620237e-17], [-1.40440883e-11, 6.57653791e-02], [2.94183001e-12, 6.68810763e-04], [8.48620237e-17, 5.64515395e-06]];[[6.57247315e-02, -2.35330308e-11], [7.34230672e-04, 1.25901873e-11], [1.84375490e-04, 2.83444651e-11], [-2.35330308e-11, 6.57247316e-02], [1.16658540e-11, 7.34230632e-04], [2.72122719e-11, 1.84375382e-04]];[[5.05928853e+03, -7.60548723e-08], [-7.60548723e-08, 5.05928853e+03]];[[5.05906841e+03, -1.27430552e-07], [-1.27430552e-07, 5.05906841e+03]];[[8.15700025e-04, 6.82594610e-03, 2.85604626e-02, 0.00000000e+00, 0.00000000e+00, 0.00000000e+00], [6.82594610e-03, 5.71209252e-02, 2.38999844e-01, 0.00000000e+00, 0.00000000e+00, 0.00000000e+00], [2.85604626e-02, 2.38999844e-01, 1.00000000e+00, 0.00000000e+00, 0.00000000e+00, 0.00000000e+00], [0.00000000e+00, 0.00000000e+00, 0.00000000e+00, 8.15700025e-04, 6.82594610e-03, 2.85604626e-02], [0.00000000e+00, 0.00000000e+00, 0.00000000e+00, 6.82594610e-03, 5.71209252e-02, 2.38999844e-01], [0.00000000e+00, 0.00000000e+00, 0.00000000e+00, 2.85604626e-02, 2.38999844e-01, 1.00000000e+00]];[[3.84771201e-15, 9.53047852e-05, 2.22164351e-09, 0.00000000e+00, 0.00000000e+00, 0.00000000e+00], [9.53047852e-05, 4.46996280e-09, 2.78872878e-06, 0.00000000e+00, 0.00000000e+00, 0.00000000e+00], [2.22164351e-09, 2.78872878e-06, 2.33377686e-03, 0.00000000e+00, 0.00000000e+00, 0.00000000e+00], [0.00000000e+00, 0.00000000e+00, 0.00000000e+00, 3.84771201e-15, 9.53047852e-05, 2.22164351e-09], [0.00000000e+00, 0.00000000e+00, 0.00000000e+00, 9.53047852e-05, 4.46996280e-09, 2.78872878e-06], [0.00000000e+00, 0.00000000e+00, 0.00000000e+00, 2.22164351e-09, 2.78872878e-06, 2.33377686e-03]];[[4726.5625, 0], [  0, 4726.5625]];[[4726.5625, 0], [  0, 4726.5625]]
[8.92955818e+02, -2.59133586e-02, -3.52113800e-03, -1.64599629e+00, 8.33786635e-03, 3.14934440e-04];[0.5511168, 0.4488832];[8.93477165e+02, -4.57383484e-03, 0.00000000e+00, -1.58494716e+00, 9.22941116e-03, 0.00000000e+00];[8.93475499e+02, -6.42739617e-03, -8.15195800e-04, -1.58204436e+00, 1.27182632e-02, 1.54426388e-03];[8.92960775e+02, -2.19605347e-02, -2.39576738e-03, -1.64658624e+00, 7.15404285e-03, -2.85971450e-04];[8.92949731e+02, -3.07664421e-02, -4.90281288e-03, -1.64527199e+00, 9.79130683e-03, 1.05269724e-03];[890, -2.];[[1.48508984e-01, -1.24505944e-11], [5.00025093e-03, -1.39212820e-12], [6.89000109e-04, 1.00746346e-14], [-1.24505944e-11, 1.48508984e-01], [-8.69881572e-12, 5.00025094e-03], [1.00746346e-14, 6.89000109e-04]];[[1.51278320e-01, -5.34477513e-10], [7.00303634e-03, -7.30102510e-10], [1.17612381e-03, -3.10542447e-10], [-5.34477513e-10, 1.51278321e-01], [-7.89605974e-10, 7.00303773e-03], [-3.39396590e-10, 1.17612440e-03]];[[2.24789512e+03, -3.28689672e-08], [-3.28689672e-08, 2.24789512e+03]];[[2.25522989e+03, -1.42021783e-06], [-1.42021783e-06, 2.25522989e+03]];[[2.39878139, 2.72588796, 1.54879998, 0, 0, 0], [2.72588796, 3.09759997, 1.75999999, 0, 0, 0], [1.54879998, 1.75999999, 1., 0, 0, 0], [0, 0, 0, 2.39878139, 2.72588796, 1.54879998], [0, 0, 0, 2.72588796, 3.09759997, 1.75999999], [0, 0, 0, 1.54879998, 1.75999999, 1.]];[[7.66754364e-11, 6.91128062e-05, 7.63173933e-07, 0.00000000e+00, 0.00000000e+00, 0.00000000e+00], [6.91128062e-05, 1.59590566e-06, 1.30220775e-04, 0.00000000e+00, 0.00000000e+00, 0.00000000e+00], [7.63173933e-07, 1.30220775e-04, 1.48359938e-02, 0.00000000e+00, 0.00000000e+00, 0.00000000e+00], [0.00000000e+00, 0.00000000e+00, 0.00000000e+00, 7.66754364e-11, 6.91128062e-05, 7.63173933e-07], [0.00000000e+00, 0.00000000e+00, 0.00000000e+00, 6.91128062e-05, 1.59590566e-06, 1.30220775e-04], [0.00000000e+00, 0.00000000e+00, 0.00000000e+00, 7.63173933e-07, 1.30220775e-04, 1.48359938e-02]];[[1914.0625, 0], [  0, 1914.0625]];[[1914.0625, 0], [  0, 1914.0625]]
[8.91607333e+02, -1.11945867e-01, -9.62505424e-03, -7.50136950e-01, 6.51725926e-02, 5.55721245e-03];[0.53922512, 0.46077488];[8.92936781e+02, -2.30671860e-02, 0.00000000e+00, -1.63908531e+00, 7.48547169e-03, 0.00000000e+00];[8.92921012e+02, -3.33583566e-02, -4.04035456e-03, -1.63599223e+00, 1.00818314e-02, 7.38291873e-04];[8.91629070e+02, -9.31834608e-02, -2.01996750e-03, -7.62440109e-01, 5.44890261e-02, 1.35411804e-03];[8.91581894e+02, -1.33902707e-01, -1.85249616e-02, -7.35739089e-01, 7.76751130e-02, 1.04759139e-02];[889., 1.];[[3.32177685e-01, -6.59129658e-09], [1.78105553e-02, -4.35573258e-09], [5.13101261e-04, 5.06422518e-12], [-6.59129658e-09, 3.32177657e-01], [-6.44482743e-09, 1.78105379e-02], [5.06422518e-12, 5.13101282e-04]];[[3.41523457e-01, -1.37741644e-08], [2.56424410e-02, -1.19203234e-08], [3.69409725e-03, -2.79689506e-09], [-1.37741644e-08, 3.41523423e-01], [-1.67894852e-08, 2.56424184e-02], [-5.16282068e-09, 3.69409350e-03]];[[9.35877682e+02, -9.23695865e-06], [-9.23695865e-06, 9.35877643e+02]];[[9.49160614e+02, -1.98547599e-05], [-1.98547599e-05, 9.49160565e+02]];[[0.23059206, 0.47059603, 0.48020002, 0, 0, 0], [0.47059603, 0.96040004, 0.98000002, 0, 0, 0], [0.48020002, 0.98000002, 1., 0, 0, 0], [0, 0, 0, 0.23059206, 0.47059603, 0.48020002], [0, 0, 0, 0.47059603, 0.96040004, 0.98000002], [0, 0, 0, 0.48020002, 0.98000002, 1.]];[[4.28191846e-12, 8.17808114e-05, 1.42290101e-07, 0.00000000e+00, 0.00000000e+00, 0.00000000e+00], [8.17808114e-05, 2.91690185e-07, 4.35721375e-05, 0.00000000e+00, 0.00000000e+00, 0.00000000e+00], [1.42290101e-07, 4.35721375e-05, 8.89938842e-03, 0.00000000e+00, 0.00000000e+00, 0.00000000e+00], [0.00000000e+00, 0.00000000e+00, 0.00000000e+00, 4.28191846e-12, 8.17808114e-05, 1.42290101e-07], [0.00000000e+00, 0.00000000e+00, 0.00000000e+00, 8.17808114e-05, 2.91690185e-07, 4.35721375e-05], [0.00000000e+00, 0.00000000e+00, 0.00000000e+00, 1.42290101e-07, 4.35721375e-05, 8.89938842e-03]];[[625., 0.], [  0, 625.]];[[625., 0.], [  0, 625.]]
[8.91462643e+02, -1.21786952e-01, -6.91259404e-03, -5.23248855e-01, 8.47513762e-02, 5.02953787e-03];[0.52844075, 0.47155925];[8.91524370e+02, -9.85191712e-02, 0.00000000e+00, -7.01414048e-01, 5.75272514e-02, 0.00000000e+00];[8.91455442e+02, -1.41873288e-01, -1.42058098e-02, -6.62290667e-01, 8.21897421e-02, 8.06622884e-03];[8.91494072e+02, -1.01002708e-01, -6.32412534e-05, -5.45332723e-01, 7.03208327e-02, 3.25802589e-04];[8.91427422e+02, -1.45078281e-01, -1.45881451e-02, -4.98501137e-01, 1.00922594e-01, 1.03006579e-02];[891., 2.];[[5.77777623e-02, -1.17205563e-07], [4.73594219e-03, -5.68526423e-08], [1.20604446e-04, 1.50023121e-11], [-1.17205563e-07, 5.77776160e-02], [-5.74033080e-08, 4.73587203e-03], [1.50023121e-11, 1.20604465e-04]];[[6.15222145e-02, -1.74613574e-07], [7.03647715e-03, -1.07668713e-07], [8.39317319e-04, -2.82303889e-08], [-1.74613574e-07, 6.15220016e-02], [-1.08378045e-07, 7.03634745e-03], [-2.79476764e-08, 8.39283379e-04]];[[4.14578413e+03, -5.15705181e-04], [-5.15705181e-04, 4.14578349e+03]];[[4.16232548e+03, -7.74443864e-04], [-7.74443864e-04, 4.16232454e+03]];[[0.25, 0.5, 0.5, 0, 0, 0], [0.5, 1., 1., 0, 0, 0], [0.5, 1., 1., 0, 0, 0], [0, 0, 0, 0.25, 0.5, 0.5], [0, 0, 0, 0.5, 1., 1.], [0, 0, 0, 0.5, 1., 1.]];[[4.73187150e-12, 8.14365377e-05, 1.50881657e-07, 0.00000000e+00, 0.00000000e+00, 0.00000000e+00], [8.14365377e-05, 3.09459533e-07, 4.52795850e-05, 0.00000000e+00, 0.00000000e+00, 0.00000000e+00], [1.50881657e-07, 4.52795850e-05, 9.06346235e-03, 0.00000000e+00, 0.00000000e+00, 0.00000000e+00], [0.00000000e+00, 0.00000000e+00, 0.00000000e+00, 4.73187150e-12, 8.14365377e-05, 1.50881657e-07], [0.00000000e+00, 0.00000000e+00, 0.00000000e+00, 8.14365377e-05, 3.09459533e-07, 4.52795850e-05], [0.00000000e+00, 0.00000000e+00, 0.00000000e+00, 1.50881657e-07, 4.52795850e-05, 9.06346235e-03]];[[3906.25, 0], [  0, 3906.25]];[[3906.25, 0], [  0, 3906.25]]
[8.90485623e+02, -2.32572545e-01, -9.52708949e-03, 1.06138080e+00, 2.74240627e-01, 1.22036352e-02];[0.5200329, 0.4799671];[8.91134117e+02, -1.38137697e-01, 0.00000000e+00, 2.91502353e-01, 1.61272912e-01, 0.00000000e+00];[8.91070668e+02, -1.74625942e-01, -1.20383461e-02, 3.73237038e-01, 2.07196690e-01, 1.62009194e-02];[8.90524814e+02, -2.06171125e-01, -4.66669129e-07, 1.01246545e+00, 2.41772208e-01, 5.52195090e-07];[8.90443161e+02, -2.61177853e-01, -1.98489578e-02, 1.11437942e+00, 3.09419383e-01, 2.54253841e-02];[888., 4.];[[1.94407424e-01, -1.91558521e-06], [2.17060376e-02, -1.12230740e-06], [1.48900124e-07, 3.54063437e-13], [-1.91558521e-06, 1.94406782e-01], [-1.10759276e-06, 2.17057775e-02], [3.54063437e-13, 1.48900243e-07]];[[2.04352625e-01, -2.29067071e-06], [2.81849340e-02, -1.46955518e-06], [2.54322605e-03, -3.33162160e-07], [-2.29067071e-06, 2.04351747e-01], [-1.45120116e-06, 2.81844272e-02], [-3.29219403e-07, 2.54316423e-03]];[[1.21222877e+03, -2.88250628e-03], [-2.88250628e-03, 1.21222781e+03]];[[1.22738104e+03, -3.53362907e-03], [-3.53362907e-03, 1.22737968e+03]];[[3.25806163e-08, 3.42952892e-06, 1.80501015e-04, 0.00000000e+00, 0.00000000e+00, 0.00000000e+00], [3.42952892e-06, 3.61002029e-04, 1.90000534e-02, 0.00000000e+00, 0.00000000e+00, 0.00000000e+00], [1.80501015e-04, 1.90000534e-02, 1.00000000e+00, 0.00000000e+00, 0.00000000e+00, 0.00000000e+00], [0.00000000e+00, 0.00000000e+00, 0.00000000e+00, 3.25806163e-08, 3.42952892e-06, 1.80501015e-04], [0.00000000e+00, 0.00000000e+00, 0.00000000e+00, 3.42952892e-06, 3.61002029e-04, 1.90000534e-02], [0.00000000e+00, 0.00000000e+00, 0.00000000e+00, 1.80501015e-04, 1.90000534e-02, 1.00000000e+00]];[[1.21127067e-20, 9.96205400e-05, 1.14100651e-12, 0.00000000e+00, 0.00000000e+00, 0.00000000e+00], [9.96205400e-05, 2.28309750e-12, 1.80158442e-08, 0.00000000e+00, 0.00000000e+00, 0.00000000e+00], [1.14100651e-12, 1.80158442e-08, 1.89639989e-04, 0.00000000e+00, 0.00000000e+00, 0.00000000e+00], [0.00000000e+00, 0.00000000e+00, 0.00000000e+00, 1.21127067e-20, 9.96205400e-05, 1.14100651e-12], [0.00000000e+00, 0.00000000e+00, 0.00000000e+00, 9.96205400e-05, 2.28309750e-12, 1.80158442e-08], [0.00000000e+00, 0.00000000e+00, 0.00000000e+00, 1.14100651e-12, 1.80158442e-08, 1.89639989e-04]];[[976.5625, 0], [  0, 976.5625]];[[976.5625, 0], [  0, 976.5625]]
[8.90485623e+02, -2.32572545e-01, -9.52708949e-03, 1.06138080e+00, 2.74240627e-01, 1.22036352e-02];[0.5200329, 0.4799671];[8.91134117e+02, -1.38137697e-01, 0.00000000e+00, 2.91502353e-01, 1.61272912e-01, 0.00000000e+00];[8.91070668e+02, -1.74625942e-01, -1.20383461e-02, 3.73237038e-01, 2.07196690e-01, 1.62009194e-02];[8.90524814e+02, -2.06171125e-01, -4.66669129e-07, 1.01246545e+00, 2.41772208e-01, 5.52195090e-07];[8.90443161e+02, -2.61177853e-01, -1.98489578e-02, 1.11437942e+00, 3.09419383e-01, 2.54253841e-02];[888., 4.];[[1.94407424e-01, -1.91558521e-06], [2.17060376e-02, -1.12230740e-06], [1.48900124e-07, 3.54063437e-13], [-1.91558521e-06, 1.94406782e-01], [-1.10759276e-06, 2.17057775e-02], [3.54063437e-13, 1.48900243e-07]];[[2.04352625e-01, -2.29067071e-06], [2.81849340e-02, -1.46955518e-06], [2.54322605e-03, -3.33162160e-07], [-2.29067071e-06, 2.04351747e-01], [-1.45120116e-06, 2.81844272e-02], [-3.29219403e-07, 2.54316423e-03]];[[1.21222877e+03, -2.88250628e-03], [-2.88250628e-03, 1.21222781e+03]];[[1.22738104e+03, -3.53362907e-03], [-3.53362907e-03, 1.22737968e+03]];[[3.25806163e-08, 3.42952892e-06, 1.80501015e-04, 0.00000000e+00, 0.00000000e+00, 0.00000000e+00], [3.42952892e-06, 3.61002029e-04, 1.90000534e-02, 0.00000000e+00, 0.00000000e+00, 0.00000000e+00], [1.80501015e-04, 1.90000534e-02, 1.00000000e+00, 0.00000000e+00, 0.00000000e+00, 0.00000000e+00], [0.00000000e+00, 0.00000000e+00, 0.00000000e+00, 3.25806163e-08, 3.42952892e-06, 1.80501015e-04], [0.00000000e+00, 0.00000000e+00, 0.00000000e+00, 3.42952892e-06, 3.61002029e-04, 1.90000534e-02], [0.00000000e+00, 0.00000000e+00, 0.00000000e+00, 1.80501015e-04, 1.90000534e-02, 1.00000000e+00]];[[1.21127067e-20, 9.96205400e-05, 1.14100651e-12, 0.00000000e+00, 0.00000000e+00, 0.00000000e+00], [9.96205400e-05, 2.28309750e-12, 1.80158442e-08, 0.00000000e+00, 0.00000000e+00, 0.00000000e+00], [1.14100651e-12, 1.80158442e-08, 1.89639989e-04, 0.00000000e+00, 0.00000000e+00, 0.00000000e+00], [0.00000000e+00, 0.00000000e+00, 0.00000000e+00, 1.21127067e-20, 9.96205400e-05, 1.14100651e-12], [0.00000000e+00, 0.00000000e+00, 0.00000000e+00, 9.96205400e-05, 2.28309750e-12, 1.80158442e-08], [0.00000000e+00, 0.00000000e+00, 0.00000000e+00, 1.14100651e-12, 1.80158442e-08, 1.89639989e-04]];[[976.5625, 0], [  0, 976.5625]];[[976.5625, 0], [  0, 976.5625]]
[8.89509315e+02, -3.25916417e-01, -1.14214081e-02, 1.86356767e+00, 3.29964195e-01, 1.06972125e-02];[0.51754688, 0.48245312];[8.90085413e+02, -2.13875474e-01, 0.00000000e+00, 1.52948495e+00, 2.51247003e-01, 0.00000000e+00];[8.89920076e+02, -2.82567253e-01, -1.36411833e-02, 1.73546041e+00, 3.37269541e-01, 1.74735727e-02];[8.89612765e+02, -2.81492827e-01, -2.91863955e-03, 1.75911408e+00, 2.84100194e-01, 1.41787794e-03];[8.89398340e+02, -3.73571389e-01, -2.05426701e-02, 1.97561924e+00, 3.79164355e-01, 2.06515280e-02];[885., 4.];[[9.29399906e-02, -3.82416854e-06], [1.32957913e-02, -1.11766675e-06], [5.73924965e-04, 2.41966990e-09], [-3.82416854e-06, 9.29400031e-02], [-1.11056221e-06, 1.32958278e-02], [2.41966990e-09, 5.73924957e-04]];[[1.06039669e-01, -5.68043600e-06], [1.84954684e-02, -2.21734504e-06], [1.40256617e-03, -3.33108415e-07], [-5.68043600e-06, 1.06039603e-01], [-2.21541232e-06, 1.84955538e-02], [-3.37836703e-07, 1.40262205e-03]];[[3.48826149e+03, -1.47065243e-02], [-1.47065243e-02, 3.48826154e+03]];[[3.53937685e+03, -2.24900384e-02], [-2.24900384e-02, 3.53937659e+03]];[[4.00800542, 4.00600257, 2.00200035, 0, 0, 0], [4.00600257, 4.00400071, 2.00099993, 0, 0, 0], [2.00200035, 2.00099993, 1., 0, 0, 0], [0, 0, 0, 4.00800542, 4.00600257, 2.00200035], [0, 0, 0, 4.00600257, 4.00400071, 2.00099993], [0, 0, 0, 2.00200035, 2.00099993, 1.]];[[1.43775332e-10, 6.55013013e-05, 1.09536047e-06, 0.00000000e+00, 0.00000000e+00, 0.00000000e+00], [6.55013013e-05, 2.30477024e-06, 1.64441125e-04, 0.00000000e+00, 0.00000000e+00, 0.00000000e+00], [1.09536047e-06, 1.64441125e-04, 1.64906997e-02, 0.00000000e+00, 0.00000000e+00, 0.00000000e+00], [0.00000000e+00, 0.00000000e+00, 0.00000000e+00, 1.43775332e-10, 6.55013013e-05, 1.09536047e-06], [0.00000000e+00, 0.00000000e+00, 0.00000000e+00, 6.55013013e-05, 2.30477024e-06, 1.64441125e-04], [0.00000000e+00, 0.00000000e+00, 0.00000000e+00, 1.09536047e-06, 1.64441125e-04, 1.64906997e-02]];[[3164.0625, 0], [  0, 3164.0625]];[[3164.0625, 0], [  0, 3164.0625]]
[8.89132370e+02, -3.41641869e-01, -7.86324529e-03, 3.04498020e+00, 4.73781512e-01, 1.31486368e-02];[0.52283889, 0.47716111];[8.89293864e+02, -2.94500365e-01, 0.00000000e+00, 2.08127773e+00, 2.97529495e-01, 0.00000000e+00];[8.89072489e+02, -3.75472887e-01, -1.60815741e-02, 2.30608656e+00, 3.80453068e-01, 1.59479775e-02];[8.89208295e+02, -3.07064882e-01, -1.02423597e-04, 2.93067979e+00, 4.22171512e-01, 1.01753611e-03];[8.89049177e+02, -3.79528850e-01, -1.63669966e-02, 3.17022238e+00, 5.30332045e-01, 2.64410262e-02];[889., 5.];[[2.91016350e-01, -1.72308569e-05], [4.27035138e-02, -5.30639085e-06], [3.48624857e-04, 8.47284002e-09], [-1.72308569e-05, 2.91016724e-01], [-5.33126099e-06, 4.27037721e-02], [8.47284002e-09, 3.48624673e-04]];[[3.20772261e-01, -2.20177236e-05], [5.56352998e-02, -8.55200381e-06], [3.89487240e-03, -1.14657701e-06], [-2.20177236e-05, 3.20772825e-01], [-8.62836337e-06, 5.56359198e-02], [-1.19178879e-06, 3.89506293e-03]];[[1.37741188e+03, -3.34760887e-02], [-3.34760887e-02, 1.37741260e+03]];[[1.43775415e+03, -4.66060174e-02], [-4.66060174e-02, 1.43775534e+03]];[[0.23059206, 0.47059603, 0.48020002, 0, 0, 0], [0.47059603, 0.96040004, 0.98000002, 0, 0, 0], [0.48020002, 0.98000002, 1., 0, 0, 0], [0, 0, 0, 0.23059206, 0.47059603, 0.48020002], [0, 0, 0, 0.47059603, 0.96040004, 0.98000002], [0, 0, 0, 0.48020002, 0.98000002, 1.]];[[4.28191846e-12, 8.17808114e-05, 1.42290101e-07, 0.00000000e+00, 0.00000000e+00, 0.00000000e+00], [8.17808114e-05, 2.91690185e-07, 4.35721375e-05, 0.00000000e+00, 0.00000000e+00, 0.00000000e+00], [1.42290101e-07, 4.35721375e-05, 8.89938842e-03, 0.00000000e+00, 0.00000000e+00, 0.00000000e+00], [0.00000000e+00, 0.00000000e+00, 0.00000000e+00, 4.28191846e-12, 8.17808114e-05, 1.42290101e-07], [0.00000000e+00, 0.00000000e+00, 0.00000000e+00, 8.17808114e-05, 2.91690185e-07, 4.35721375e-05], [0.00000000e+00, 0.00000000e+00, 0.00000000e+00, 1.42290101e-07, 4.35721375e-05, 8.89938842e-03]];[[976.5625, 0], [  0, 976.5625]];[[976.5625, 0], [  0, 976.5625]]
[8.89269858e+02, -2.70222491e-01, -2.84197673e-03, 4.50188000e+00, 6.38655754e-01, 1.51771682e-02];[0.52691872, 0.47308128];[8.88868789e+02, -3.17116581e-01, 0.00000000e+00, 3.40151951e+00, 4.37174790e-01, 0.00000000e+00];[8.88700148e+02, -3.80867104e-01, -1.24236284e-02, 3.65554723e+00, 5.34068520e-01, 2.01953924e-02];[8.89302587e+02, -2.53188772e-01, 5.59046681e-04, 4.39812136e+00, 5.84067546e-01, 1.28406763e-03];[8.89233405e+02, -2.89194675e-01, -6.63004227e-03, 4.61744654e+00, 6.99456191e-01, 3.06513267e-02];[890, 6.];[[3.83537622e-01, -2.44911671e-05], [5.65314058e-02, -8.13292122e-06], [4.94156899e-04, 1.96321456e-08], [-2.44911671e-05, 3.83543210e-01], [-8.14629910e-06, 5.65337979e-02], [1.96321456e-08, 4.94152420e-04]];[[4.10296907e-01, -2.92802105e-05], [7.05474207e-02, -1.22631931e-05], [4.46003378e-03, -1.61916182e-06], [-2.92802105e-05, 4.10303583e-01], [-1.23682566e-05, 7.05511111e-02], [-1.68720248e-06, 4.46079681e-03]];[[1.01384938e+03, -4.02791485e-02], [-4.02791485e-02, 1.01385857e+03]];[[1.05985539e+03, -5.26250253e-02], [-5.26250253e-02, 1.05986739e+03]];[[0.25100167, 0.50150175, 0.50100067, 0, 0, 0], [0.50150175, 1.00200133, 1.00100017, 0, 0, 0], [0.50100067, 1.00100017, 1., 0, 0, 0], [0, 0, 0, 0.25100167, 0.50150175, 0.50100067], [0, 0, 0, 0.50150175, 1.00200133, 1.00100017], [0, 0, 0, 0.50100067, 1.00100017, 1.]];[[4.75532210e-12, 8.14193488e-05, 1.51319847e-07, 0.00000000e+00, 0.00000000e+00, 0.00000000e+00], [8.14193488e-05, 3.10366136e-07, 4.53657426e-05, 0.00000000e+00, 0.00000000e+00, 0.00000000e+00], [1.51319847e-07, 4.53657426e-05, 9.07165019e-03, 0.00000000e+00, 0.00000000e+00, 0.00000000e+00], [0.00000000e+00, 0.00000000e+00, 0.00000000e+00, 4.75532210e-12, 8.14193488e-05, 1.51319847e-07], [0.00000000e+00, 0.00000000e+00, 0.00000000e+00, 8.14193488e-05, 3.10366136e-07, 4.53657426e-05], [0.00000000e+00, 0.00000000e+00, 0.00000000e+00, 1.51319847e-07, 4.53657426e-05, 9.07165019e-03]];[[625., 0.], [  0, 625.]];[[625., 0.], [  0, 625.]]
[8.87706879e+02, -4.68155676e-01, -7.48031365e-03, 6.13939397e+00, 7.83604400e-01, 1.26836836e-02];[0.51947262, 0.48052738];[8.88561555e+02, -3.21215278e-01, 0.00000000e+00, 5.78908260e+00, 6.99698732e-01, 0.00000000e+00];[8.88491956e+02, -3.52326458e-01, -7.57769912e-03, 5.97569712e+00, 7.87465389e-01, 2.40432648e-02];[8.87750223e+02, -4.44270657e-01, -6.93975680e-05, 6.06500532e+00, 7.41564510e-01, 2.35931281e-05];[8.87660022e+02, -4.93976500e-01, -1.54918612e-02, 6.21981158e+00, 8.29051492e-01, 2.63698345e-02];[885., 7.];[[2.27796768e-01, -1.75817505e-05], [3.45489412e-02, -6.14210235e-06], [1.94853407e-05, 4.43647972e-10], [-1.75817505e-05, 2.27810834e-01], [-6.22028007e-06, 3.45553082e-02], [4.43647972e-10, 1.94849857e-05]];[[2.38237259e-01, -2.02446846e-05], [4.05622448e-02, -8.24727869e-06], [2.26612056e-03, -9.44696055e-07], [-2.02446846e-05, 2.38253515e-01], [-8.42680984e-06, 4.05706922e-02], [-1.07163133e-06, 2.26771563e-03]];[[1.26464441e+03, -2.87943207e-02], [-2.87943207e-02, 1.26466745e+03]];[[1.28197725e+03, -3.40706855e-02], [-3.40706855e-02, 1.28200460e+03]];[[6.07229500e-04, 5.47053302e-03, 2.46420271e-02, 0.00000000e+00, 0.00000000e+00, 0.00000000e+00], [5.47053302e-03, 4.92840542e-02, 2.22000122e-01, 0.00000000e+00, 0.00000000e+00, 0.00000000e+00], [2.46420271e-02, 2.22000122e-01, 1.00000000e+00, 0.00000000e+00, 0.00000000e+00, 0.00000000e+00], [0.00000000e+00, 0.00000000e+00, 0.00000000e+00, 6.07229500e-04, 5.47053302e-03, 2.46420271e-02], [0.00000000e+00, 0.00000000e+00, 0.00000000e+00, 5.47053302e-03, 4.92840542e-02, 2.22000122e-01], [0.00000000e+00, 0.00000000e+00, 0.00000000e+00, 2.46420271e-02, 2.22000122e-01, 1.00000000e+00]];[[2.66311077e-15, 9.56332023e-05, 1.78351903e-09, 0.00000000e+00, 0.00000000e+00, 0.00000000e+00], [9.56332023e-05, 3.58692320e-09, 2.41019913e-06, 0.00000000e+00, 0.00000000e+00, 0.00000000e+00], [1.78351903e-09, 2.41019913e-06, 2.17143855e-03, 0.00000000e+00, 0.00000000e+00, 0.00000000e+00], [0.00000000e+00, 0.00000000e+00, 0.00000000e+00, 2.66311077e-15, 9.56332023e-05, 1.78351903e-09], [0.00000000e+00, 0.00000000e+00, 0.00000000e+00, 9.56332023e-05, 3.58692320e-09, 2.41019913e-06], [0.00000000e+00, 0.00000000e+00, 0.00000000e+00, 1.78351903e-09, 2.41019913e-06, 2.17143855e-03]];[[976.5625, 0], [  0, 976.5625]];[[976.5625, 0], [  0, 976.5625]]
[8.87706879e+02, -4.68155676e-01, -7.48031365e-03, 6.13939397e+00, 7.83604400e-01, 1.26836836e-02];[0.51947262, 0.48052738];[8.88561555e+02, -3.21215278e-01, 0.00000000e+00, 5.78908260e+00, 6.99698732e-01, 0.00000000e+00];[8.88491956e+02, -3.52326458e-01, -7.57769912e-03, 5.97569712e+00, 7.87465389e-01, 2.40432648e-02];[8.87750223e+02, -4.44270657e-01, -6.93975680e-05, 6.06500532e+00, 7.41564510e-01, 2.35931281e-05];[8.87660022e+02, -4.93976500e-01, -1.54918612e-02, 6.21981158e+00, 8.29051492e-01, 2.63698345e-02];[885., 7.];[[2.27796768e-01, -1.75817505e-05], [3.45489412e-02, -6.14210235e-06], [1.94853407e-05, 4.43647972e-10], [-1.75817505e-05, 2.27810834e-01], [-6.22028007e-06, 3.45553082e-02], [4.43647972e-10, 1.94849857e-05]];[[2.38237259e-01, -2.02446846e-05], [4.05622448e-02, -8.24727869e-06], [2.26612056e-03, -9.44696055e-07], [-2.02446846e-05, 2.38253515e-01], [-8.42680984e-06, 4.05706922e-02], [-1.07163133e-06, 2.26771563e-03]];[[1.26464441e+03, -2.87943207e-02], [-2.87943207e-02, 1.26466745e+03]];[[1.28197725e+03, -3.40706855e-02], [-3.40706855e-02, 1.28200460e+03]];[[6.07229500e-04, 5.47053302e-03, 2.46420271e-02, 0.00000000e+00, 0.00000000e+00, 0.00000000e+00], [5.47053302e-03, 4.92840542e-02, 2.22000122e-01, 0.00000000e+00, 0.00000000e+00, 0.00000000e+00], [2.46420271e-02, 2.22000122e-01, 1.00000000e+00, 0.00000000e+00, 0.00000000e+00, 0.00000000e+00], [0.00000000e+00, 0.00000000e+00, 0.00000000e+00, 6.07229500e-04, 5.47053302e-03, 2.46420271e-02], [0.00000000e+00, 0.00000000e+00, 0.00000000e+00, 5.47053302e-03, 4.92840542e-02, 2.22000122e-01], [0.00000000e+00, 0.00000000e+00, 0.00000000e+00, 2.46420271e-02, 2.22000122e-01, 1.00000000e+00]];[[2.66311077e-15, 9.56332023e-05, 1.78351903e-09, 0.00000000e+00, 0.00000000e+00, 0.00000000e+00], [9.56332023e-05, 3.58692320e-09, 2.41019913e-06, 0.00000000e+00, 0.00000000e+00, 0.00000000e+00], [1.78351903e-09, 2.41019913e-06, 2.17143855e-03, 0.00000000e+00, 0.00000000e+00, 0.00000000e+00], [0.00000000e+00, 0.00000000e+00, 0.00000000e+00, 2.66311077e-15, 9.56332023e-05, 1.78351903e-09], [0.00000000e+00, 0.00000000e+00, 0.00000000e+00, 9.56332023e-05, 3.58692320e-09, 2.41019913e-06], [0.00000000e+00, 0.00000000e+00, 0.00000000e+00, 1.78351903e-09, 2.41019913e-06, 2.17143855e-03]];[[976.5625, 0], [  0, 976.5625]];[[976.5625, 0], [  0, 976.5625]]
[8.86912175e+02, -4.71849105e-01, -4.91258452e-03, 7.66661106e+00, 8.21357563e-01, 9.73988216e-03];[0.52077677, 0.47922323];[8.86943823e+02, -4.51246003e-01, 0.00000000e+00, 7.41273741e+00, 7.53841778e-01, 0.00000000e+00];[8.86800562e+02, -5.07015854e-01, -1.09207687e-02, 7.66099876e+00, 8.50761058e-01, 1.85763401e-02];[8.86959592e+02, -4.48914096e-01, 6.40137906e-05, 7.57777098e+00, 7.78269789e-01, 6.68882373e-04];[8.86860646e+02, -4.96772813e-01, -1.03207046e-02, 7.76315449e+00, 8.68181486e-01, 1.95974300e-02];[887., 8.];[[2.80995868e-01, -2.85937451e-05], [4.15884146e-02, -7.51472868e-06], [1.13902448e-03, 4.52973413e-08], [-2.85937451e-05, 2.81024498e-01], [-7.59858443e-06, 4.15971287e-02], [4.52973413e-08, 1.13897912e-03]];[[3.01326896e-01, -3.55798655e-05], [5.13797833e-02, -1.18614933e-05], [3.01084024e-03, -1.21150704e-06], [-3.55798655e-05, 3.01364162e-01], [-1.21472900e-05, 5.13946523e-02], [-1.30999016e-06, 3.01282428e-03]];[[1.35821542e+03, -5.40163962e-02], [-5.40163962e-02, 1.35826951e+03]];[[1.39773879e+03, -7.11835203e-02], [-7.11835203e-02, 1.39781335e+03]];[[2.39333465, 2.72124453, 1.54704061, 0, 0, 0], [2.72124453, 3.09408122, 1.75900006, 0, 0, 0], [1.54704061, 1.75900006, 1., 0, 0, 0], [0, 0, 0, 2.39333465, 2.72124453, 1.54704061], [0, 0, 0, 2.72124453, 3.09408122, 1.75900006], [0, 0, 0, 1.54704061, 1.75900006, 1.]];[[7.64620022e-11, 6.91280791e-05, 7.61948747e-07, 0.00000000e+00, 0.00000000e+00, 0.00000000e+00], [6.91280791e-05, 1.59330279e-06, 1.30085476e-04, 0.00000000e+00, 0.00000000e+00, 0.00000000e+00], [7.61948747e-07, 1.30085476e-04, 1.48289608e-02, 0.00000000e+00, 0.00000000e+00, 0.00000000e+00], [0.00000000e+00, 0.00000000e+00, 0.00000000e+00, 7.64620022e-11, 6.91280791e-05, 7.61948747e-07], [0.00000000e+00, 0.00000000e+00, 0.00000000e+00, 6.91280791e-05, 1.59330279e-06, 1.30085476e-04], [0.00000000e+00, 0.00000000e+00, 0.00000000e+00, 7.61948747e-07, 1.30085476e-04, 1.48289608e-02]];[[976.5625, 0], [  0, 976.5625]];[[976.5625, 0], [  0, 976.5625]]
[8.86526003e+02, -4.62071572e-01, -3.27606416e-03, 8.68617601e+00, 8.59555428e-01, 8.35449006e-03];[0.51572885, 0.48427115];[8.86490624e+02, -4.55600119e-01, 0.00000000e+00, 8.39370947e+00, 7.90830754e-01, 0.00000000e+00];[8.86383809e+02, -4.97295108e-01, -7.82732081e-03, 8.59417432e+00, 8.69449392e-01, 1.49779772e-02];[8.86571398e+02, -4.43792596e-01, 1.07985471e-04, 8.58677763e+00, 8.19060917e-01, 2.57999390e-04];[8.86477659e+02, -4.81537930e-01, -6.87993782e-03, 8.79203120e+00, 9.02680416e-01, 1.69769196e-02];[888., 12.];[[5.35316639e-02, -7.05905961e-06], [7.82670534e-03, -1.64072039e-06], [7.15418533e-05, 5.33581725e-10], [-7.05905961e-06, 5.35394523e-02], [-1.65682515e-06, 7.82872669e-03], [5.33581725e-10, 7.15412646e-05]];[[5.80874983e-02, -8.97564979e-06], [9.75496391e-03, -2.55535415e-06], [5.86668184e-04, -2.30380022e-07], [-8.97564979e-06, 5.80979200e-02], [-2.60216237e-06, 9.75834726e-03], [-2.41946827e-07, 5.87033411e-04]];[[6.97494279e+03, -5.20217531e-02], [-5.20217531e-02, 6.97500019e+03]];[[7.00867914e+03, -6.67876744e-02], [-6.67876744e-02, 7.00875669e+03]];[[0.24900133, 0.49850125, 0.49900033, 0, 0, 0], [0.49850125, 0.99800067, 0.99899983, 0, 0, 0], [0.49900033, 0.99899983, 1., 0, 0, 0], [0, 0, 0, 0.24900133, 0.49850125, 0.49900033], [0, 0, 0, 0.49850125, 0.99800067, 0.99899983], [0, 0, 0, 0.49900033, 0.99899983, 1.]];[[4.70851301e-12, 8.14537291e-05, 1.50444286e-07, 0.00000000e+00, 0.00000000e+00, 0.00000000e+00], [8.14537291e-05, 3.08554652e-07, 4.51935007e-05, 0.00000000e+00, 0.00000000e+00, 0.00000000e+00], [1.50444286e-07, 4.51935007e-05, 9.05527286e-03, 0.00000000e+00, 0.00000000e+00, 0.00000000e+00], [0.00000000e+00, 0.00000000e+00, 0.00000000e+00, 4.70851301e-12, 8.14537291e-05, 1.50444286e-07], [0.00000000e+00, 0.00000000e+00, 0.00000000e+00, 8.14537291e-05, 3.08554652e-07, 4.51935007e-05], [0.00000000e+00, 0.00000000e+00, 0.00000000e+00, 1.50444286e-07, 4.51935007e-05, 9.05527286e-03]];[[6601.5625, 0], [  0, 6601.5625]];[[6601.5625, 0], [  0, 6601.5625]]
[8.87759054e+02, -2.06428592e-01, 4.63386814e-03, 1.08277487e+01, 1.05574623e+00, 9.94345109e-03];[0.51697871, 0.48302129];[8.86054822e+02, -4.58125465e-01, 0.00000000e+00, 1.06649684e+01, 1.00922423e+00, 0.00000000e+00];[8.86009710e+02, -4.77569281e-01, -4.42775284e-03, 1.08136582e+01, 1.07750563e+00, 2.00669031e-02];[8.87749347e+02, -2.14229077e-01, 1.04020683e-06, 1.07796504e+01, 1.02571158e+00, 7.05117352e-08];[8.87769442e+02, -1.98079716e-01, 9.59239362e-03, 1.08792283e+01, 1.08789238e+00, 2.05858722e-02];[891., 11.];[[3.42663939e-01, -2.68541451e-05], [4.93205941e-02, -8.07930552e-06], [2.10347138e-07, 8.59331003e-12], [-2.68541451e-05, 3.42698416e-01], [-8.25184309e-06, 4.93331427e-02], [8.59331003e-12, 2.10336106e-07]];[[3.52632280e-01, -2.95003352e-05], [5.60070672e-02, -1.02904624e-05], [2.80951873e-03, -8.88253721e-07], [-2.95003352e-05, 3.52671194e-01], [-1.05732375e-05, 5.60234423e-02], [-9.86172857e-07, 2.81144807e-03]];[[9.50807415e+02, -3.88453655e-02], [-3.88453655e-02, 9.50857288e+02]];[[9.65448201e+02, -4.39978034e-02], [-4.39978034e-02, 9.65506239e+02]];[[3.99998474e-08, 3.99998856e-06, 1.99999619e-04, 0.00000000e+00, 0.00000000e+00, 0.00000000e+00], [3.99998856e-06, 3.99999237e-04, 1.99999809e-02, 0.00000000e+00, 0.00000000e+00, 0.00000000e+00], [1.99999619e-04, 1.99999809e-02, 1.00000000e+00, 0.00000000e+00, 0.00000000e+00, 0.00000000e+00], [0.00000000e+00, 0.00000000e+00, 0.00000000e+00, 3.99998474e-08, 3.99998856e-06, 1.99999619e-04], [0.00000000e+00, 0.00000000e+00, 0.00000000e+00, 3.99998856e-06, 3.99999237e-04, 1.99999809e-02], [0.00000000e+00, 0.00000000e+00, 0.00000000e+00, 1.99999619e-04, 1.99999809e-02, 1.00000000e+00]];[[1.59074143e-20, 9.96005998e-05, 1.33066579e-12, 0.00000000e+00, 0.00000000e+00, 0.00000000e+00], [9.96005998e-05, 2.66266285e-12, 1.99600086e-08, 0.00000000e+00, 0.00000000e+00, 0.00000000e+00], [1.33066579e-12, 1.99600086e-08, 1.99600343e-04, 0.00000000e+00, 0.00000000e+00, 0.00000000e+00], [0.00000000e+00, 0.00000000e+00, 0.00000000e+00, 1.59074143e-20, 9.96005998e-05, 1.33066579e-12], [0.00000000e+00, 0.00000000e+00, 0.00000000e+00, 9.96005998e-05, 2.66266285e-12, 1.99600086e-08], [0.00000000e+00, 0.00000000e+00, 0.00000000e+00, 1.33066579e-12, 1.99600086e-08, 1.99600343e-04]];[[625., 0.], [  0, 625.]];[[625., 0.], [  0, 625.]]
[8.87572619e+02, -2.00560320e-01, 3.64142268e-03, 1.19361853e+01, 1.07423832e+00, 8.01422073e-03];[0.51226727, 0.48773273];[8.87544275e+02, -2.11943265e-01, 0.00000000e+00, 1.18086021e+01, 1.03451277e+00, 0.00000000e+00];[8.87573175e+02, -1.93105908e-01, 7.31466974e-03, 1.19290060e+01, 1.09419354e+00, 1.56974240e-02];[8.87558655e+02, -2.09853152e-01, 2.41626058e-05, 1.18777897e+01, 1.04457373e+00, 1.16186068e-04];[8.87587286e+02, -1.90800029e-01, 7.44064265e-03, 1.19975185e+01, 1.10539513e+00, 1.63095521e-02];[888., 14.];[[3.15682680e-02, -3.05052945e-06], [4.58989960e-03, -7.38211674e-07], [5.30193796e-05, 1.67009375e-10], [-3.05052945e-06, 3.15729887e-02], [-7.55968837e-07, 4.59127196e-03], [1.67009375e-10, 5.30191211e-05]];[[3.30770633e-02, -3.48720695e-06], [5.40709449e-03, -9.67466939e-07], [2.95386302e-04, -5.08554871e-08], [-3.48720695e-06, 3.30826617e-02], [-1.00633244e-06, 5.40901043e-03], [-6.83854104e-08, 2.95586212e-04]];[[9.07556228e+03, -2.85878746e-02], [-2.85878746e-02, 9.07560652e+03]];[[9.08972387e+03, -3.27822731e-02], [-3.27822731e-02, 9.08977650e+03]];[[0.23153485, 0.47203834, 0.48118068, 0, 0, 0], [0.47203834, 0.96236136, 0.98100019, 0, 0, 0], [0.48118068, 0.98100019, 1., 0, 0, 0], [0, 0, 0, 0.23153485, 0.47203834, 0.48118068], [0, 0, 0, 0.47203834, 0.96236136, 0.98100019], [0, 0, 0, 0.48118068, 0.98100019, 1.]];[[4.30357781e-12, 8.17635697e-05, 1.42712066e-07, 0.00000000e+00, 0.00000000e+00, 0.00000000e+00], [8.17635697e-05, 2.92562620e-07, 4.36568251e-05, 0.00000000e+00, 0.00000000e+00, 0.00000000e+00], [1.42712066e-07, 4.36568251e-05, 8.90760909e-03, 0.00000000e+00, 0.00000000e+00, 0.00000000e+00], [0.00000000e+00, 0.00000000e+00, 0.00000000e+00, 4.30357781e-12, 8.17635697e-05, 1.42712066e-07], [0.00000000e+00, 0.00000000e+00, 0.00000000e+00, 8.17635697e-05, 2.92562620e-07, 4.36568251e-05], [0.00000000e+00, 0.00000000e+00, 0.00000000e+00, 1.42712066e-07, 4.36568251e-05, 8.90760909e-03]];[[8789.0625, 0], [  0, 8789.0625]];[[8789.0625, 0], [  0, 8789.0625]]
