state_data;mode_probabilities;xprior0;xprior1;xpost0;xpost1;z;K0;K1;R0;R1;Q0;Q1;S0;S1
[-70, 0, 0, -389., 0, 0.];[0.8, 0.2];[[0.], [0.], [0.], [0.], [0.], [0.]];[[0.], [0.], [0.], [0.], [0.], [0.]];[[0.], [0.], [0.], [0.], [0.], [0.]];[[0.], [0.], [0.], [0.], [0.], [0.]];[-70, 0, 0, -389., 0, 0.];[[0, 0.], [0, 0.], [0, 0.], [0, 0.], [0, 0.], [0, 0.]];[[0, 0.], [0, 0.], [0, 0.], [0, 0.], [0, 0.], [0, 0.]];[[0, 0.], [0, 0.]];[[0, 0.], [0, 0.]];[[0, 0, 0, 0, 0, 0.], [0, 0, 0, 0, 0, 0.], [0, 0, 0, 0, 0, 0.], [0, 0, 0, 0, 0, 0.], [0, 0, 0, 0, 0, 0.], [0, 0, 0, 0, 0, 0.]];[[0, 0, 0, 0, 0, 0.], [0, 0, 0, 0, 0, 0.], [0, 0, 0, 0, 0, 0.], [0, 0, 0, 0, 0, 0.], [0, 0, 0, 0, 0, 0.], [0, 0, 0, 0, 0, 0.]];[[1406.25, 0], [  0, 1406.25]];[[1406.25, 0], [  0, 1406.25]]
[-7.15000947e+01, -3.78648474e-04, -3.78623328e-04, -3.90500095e+02, -3.78648474e-04, -3.78623328e-04];[0.70998176, 0.29001824];[-70, 0, 0, -389., 0, 0.];[-70, 0, 0, -389., 0, 0.];[-7.15001333e+01, -5.33285930e-04, -5.33285930e-04, -3.90500133e+02, -5.33285930e-04, -5.33285930e-04];[-7.15000000e+01, -8.68656402e-08, -1.60940435e-10, -3.90500000e+02, -8.68656402e-08, -1.60940435e-10];[-73., -392.];[[5.00044440e-01, 0.00000000e+00], [1.77761977e-04, 0.00000000e+00], [1.77761977e-04, 0.00000000e+00], [0.00000000e+00, 5.00044440e-01], [0.00000000e+00, 1.77761977e-04], [0.00000000e+00, 1.77761977e-04]];[[5.00000000e-01, 1.43607745e-31], [2.89552134e-08, -8.31638581e-39], [5.36468115e-11, -1.54081953e-41], [1.43607745e-31, 5.00000000e-01], [-8.31638581e-39, 2.89552134e-08], [-1.54081953e-41, 5.36468115e-11]];[[2812.75, 0], [  0, 2812.75]];[[2.81250000e+03, 8.07793567e-28], [8.07793567e-28, 2.81250000e+03]];[[0.25, 0.5, 0.5, 0, 0, 0], [0.5, 1., 1., 0, 0, 0], [0.5, 1., 1., 0, 0, 0], [0, 0, 0, 0.25, 0.5, 0.5], [0, 0, 0, 0.5, 1., 1.], [0, 0, 0, 0.5, 1., 1.]];[[4.73187150e-12, 8.14365377e-05, 1.50881657e-07, 0.00000000e+00, 0.00000000e+00, 0.00000000e+00], [8.14365377e-05, 3.09459533e-07, 4.52795850e-05, 0.00000000e+00, 0.00000000e+00, 0.00000000e+00], [1.50881657e-07, 4.52795850e-05, 9.06346235e-03, 0.00000000e+00, 0.00000000e+00, 0.00000000e+00], [0.00000000e+00, 0.00000000e+00, 0.00000000e+00, 4.73187150e-12, 8.14365377e-05, 1.50881657e-07], [0.00000000e+00, 0.00000000e+00, 0.00000000e+00, 8.14365377e-05, 3.09459533e-07, 4.52795850e-05], [0.00000000e+00, 0.00000000e+00, 0.00000000e+00, 1.50881657e-07, 4.52795850e-05, 9.06346235e-03]];[[1406.25, 0], [  0, 1406.25]];[[1406.25, 0], [  0, 1406.25]]
[-7.36700579e+01, -5.00540902e-03, -1.61825167e-03, -3.91001044e+02, -1.48845886e-03, -4.12804098e-04];[0.64689905, 0.35310095];[-7.15006322e+01, -4.97434189e-04, 0.00000000e+00, -3.90500632e+02, -4.97434189e-04, 0.00000000e+00];[-7.15002856e+01, -3.17096573e-04, -1.45267007e-04, -3.90500286e+02, -3.17096573e-04, -1.45267007e-04];[-7.36707381e+01, -5.78522388e-03, -1.60462274e-03, -3.91001264e+02, -1.71729774e-03, -3.70177484e-04];[-7.36688119e+01, -3.57674821e-03, -1.64322056e-03, -3.91000641e+02, -1.06921430e-03, -4.90898243e-04];[-78., -392.];[[3.33894911e-01, 9.08891485e-12], [8.13585238e-04, 1.07240895e-11], [2.46889051e-04, -3.36876808e-15], [9.08891485e-12, 3.33894911e-01], [1.07240895e-11, 8.13585238e-04], [-3.36876808e-15, 2.46889051e-04]];[[3.33634082e-01, 5.95887090e-11], [5.01506881e-04, 9.92383990e-11], [2.30464510e-04, 4.54750723e-11], [5.95887090e-11, 3.33634082e-01], [9.92383990e-11, 5.01506881e-04], [4.54750723e-11, 2.30464510e-04]];[[2.11115336e+03, 2.88064053e-08], [2.88064053e-08, 2.11115336e+03]];[[2.11032702e+03, 1.88712627e-07], [1.88712627e-07, 2.11032702e+03]];[[0.27167097, 0.53216636, 0.52122065, 0, 0, 0], [0.53216636, 1.0424413, 1.02100015, 0, 0, 0], [0.52122065, 1.02100015, 1., 0, 0, 0], [0, 0, 0, 0.27167097, 0.53216636, 0.52122065], [0, 0, 0, 0.53216636, 1.0424413, 1.02100015], [0, 0, 0, 0.52122065, 1.02100015, 1.]];[[5.24400797e-12, 8.10761827e-05, 1.60254802e-07, 0.00000000e+00, 0.00000000e+00, 0.00000000e+00], [8.10761827e-05, 3.28859085e-07, 4.71039557e-05, 0.00000000e+00, 0.00000000e+00, 0.00000000e+00], [1.60254802e-07, 4.71039557e-05, 9.23503645e-03, 0.00000000e+00, 0.00000000e+00, 0.00000000e+00], [0.00000000e+00, 0.00000000e+00, 0.00000000e+00, 5.24400797e-12, 8.10761827e-05, 1.60254802e-07], [0.00000000e+00, 0.00000000e+00, 0.00000000e+00, 8.10761827e-05, 3.28859085e-07, 4.71039557e-05], [0.00000000e+00, 0.00000000e+00, 0.00000000e+00, 1.60254802e-07, 4.71039557e-05, 9.23503645e-03]];[[1406.25, 0], [  0, 1406.25]];[[1406.25, 0], [  0, 1406.25]]
[-8.15948452e+01, -7.17787479e-02, -8.04308137e-03, -3.90005443e+02, 7.36336100e-03, 9.31358661e-04];[0.57185278, 0.42814722];[-8.07003138e+01, -5.77438718e-02, 0.00000000e+00, -3.90247825e+02, 3.94710804e-03, 0.00000000e+00];[-8.06992761e+01, -6.25615051e-02, -1.51051728e-02, -3.90247808e+02, 4.35346708e-03, 1.17861248e-03];[-8.15952068e+01, -6.91970490e-02, -1.80175454e-04, -3.90005459e+02, 7.04900062e-03, 4.87973818e-05];[-8.15943623e+01, -7.52269815e-02, -1.85451337e-02, -3.90005422e+02, 7.78323493e-03, 2.11014738e-03];[-89., -388.];[[1.07822505e-01, 6.68768108e-11], [1.37995308e-03, 1.21352126e-10], [2.17087068e-05, -1.62726485e-15], [6.68768108e-11, 1.07822505e-01], [1.51686986e-10, 1.37995322e-03], [-1.62726485e-15, 2.17087069e-05]];[[1.07832310e-01, 1.52529837e-10], [1.52582801e-03, 2.90301272e-10], [4.14416996e-04, 4.39822037e-11], [1.52529837e-10, 1.07832310e-01], [3.58374937e-10, 1.52582877e-03], [1.57131290e-10, 4.14419740e-04]];[[1.0945832e+03, 8.2048958e-08], [8.2048958e-08, 1.0945832e+03]];[[1.09459523e+03, 1.87137950e-07], [1.87137950e-07, 1.09459523e+03]];[[5.64631972e-04, 5.18011138e-03, 2.37619859e-02, 0.00000000e+00, 0.00000000e+00, 0.00000000e+00], [5.18011138e-03, 4.75239717e-02, 2.17999935e-01, 0.00000000e+00, 0.00000000e+00, 0.00000000e+00], [2.37619859e-02, 2.17999935e-01, 1.00000000e+00, 0.00000000e+00, 0.00000000e+00, 0.00000000e+00], [0.00000000e+00, 0.00000000e+00, 0.00000000e+00, 5.64631972e-04, 5.18011138e-03, 2.37619859e-02], [0.00000000e+00, 0.00000000e+00, 0.00000000e+00, 5.18011138e-03, 4.75239717e-02, 2.17999935e-01], [0.00000000e+00, 0.00000000e+00, 0.00000000e+00, 2.37619859e-02, 2.17999935e-01, 1.00000000e+00]];[[2.43221054e-15, 9.57106040e-05, 1.68950914e-09, 0.00000000e+00, 0.00000000e+00, 0.00000000e+00], [9.57106040e-05, 3.39751436e-09, 2.32505010e-06, 0.00000000e+00, 0.00000000e+00, 0.00000000e+00], [1.68950914e-09, 2.32505010e-06, 2.13315860e-03, 0.00000000e+00, 0.00000000e+00, 0.00000000e+00], [0.00000000e+00, 0.00000000e+00, 0.00000000e+00, 2.43221054e-15, 9.57106040e-05, 1.68950914e-09], [0.00000000e+00, 0.00000000e+00, 0.00000000e+00, 9.57106040e-05, 3.39751436e-09, 2.32505010e-06], [0.00000000e+00, 0.00000000e+00, 0.00000000e+00, 1.68950914e-09, 2.32505010e-06, 2.13315860e-03]];[[976.5625, 0], [  0, 976.5625]];[[976.5625, 0], [  0, 976.5625]]
[-8.15948452e+01, -7.17787479e-02, -8.04308137e-03, -3.90005443e+02, 7.36336100e-03, 9.31358661e-04];[0.57185278, 0.42814722];[-8.07003138e+01, -5.77438718e-02, 0.00000000e+00, -3.90247825e+02, 3.94710804e-03, 0.00000000e+00];[-8.06992761e+01, -6.25615051e-02, -1.51051728e-02, -3.90247808e+02, 4.35346708e-03, 1.17861248e-03];[-8.15952068e+01, -6.91970490e-02, -1.80175454e-04, -3.90005459e+02, 7.04900062e-03, 4.87973818e-05];[-8.15943623e+01, -7.52269815e-02, -1.85451337e-02, -3.90005422e+02, 7.78323493e-03, 2.11014738e-03];[-89., -388.];[[1.07822505e-01, 6.68768108e-11], [1.37995308e-03, 1.21352126e-10], [2.17087068e-05, -1.62726485e-15], [6.68768108e-11, 1.07822505e-01], [1.51686986e-10, 1.37995322e-03], [-1.62726485e-15, 2.17087069e-05]];[[1.07832310e-01, 1.52529837e-10], [1.52582801e-03, 2.90301272e-10], [4.14416996e-04, 4.39822037e-11], [1.52529837e-10, 1.07832310e-01], [3.58374937e-10, 1.52582877e-03], [1.57131290e-10, 4.14419740e-04]];[[1.0945832e+03, 8.2048958e-08], [8.2048958e-08, 1.0945832e+03]];[[1.09459523e+03, 1.87137950e-07], [1.87137950e-07, 1.09459523e+03]];[[5.64631972e-04, 5.18011138e-03, 2.37619859e-02, 0.00000000e+00, 0.00000000e+00, 0.00000000e+00], [5.18011138e-03, 4.75239717e-02, 2.17999935e-01, 0.00000000e+00, 0.00000000e+00, 0.00000000e+00], [2.37619859e-02, 2.17999935e-01, 1.00000000e+00, 0.00000000e+00, 0.00000000e+00, 0.00000000e+00], [0.00000000e+00, 0.00000000e+00, 0.00000000e+00, 5.64631972e-04, 5.18011138e-03, 2.37619859e-02], [0.00000000e+00, 0.00000000e+00, 0.00000000e+00, 5.18011138e-03, 4.75239717e-02, 2.17999935e-01], [0.00000000e+00, 0.00000000e+00, 0.00000000e+00, 2.37619859e-02, 2.17999935e-01, 1.00000000e+00]];[[2.43221054e-15, 9.57106040e-05, 1.68950914e-09, 0.00000000e+00, 0.00000000e+00, 0.00000000e+00], [9.57106040e-05, 3.39751436e-09, 2.32505010e-06, 0.00000000e+00, 0.00000000e+00, 0.00000000e+00], [1.68950914e-09, 2.32505010e-06, 2.13315860e-03, 0.00000000e+00, 0.00000000e+00, 0.00000000e+00], [0.00000000e+00, 0.00000000e+00, 0.00000000e+00, 2.43221054e-15, 9.57106040e-05, 1.68950914e-09], [0.00000000e+00, 0.00000000e+00, 0.00000000e+00, 9.57106040e-05, 3.39751436e-09, 2.32505010e-06], [0.00000000e+00, 0.00000000e+00, 0.00000000e+00, 1.68950914e-09, 2.32505010e-06, 2.13315860e-03]];[[976.5625, 0], [  0, 976.5625]];[[976.5625, 0], [  0, 976.5625]]
[-8.18345910e+01, -9.19594558e-02, -7.22927022e-03, -3.89963283e+02, 1.11298804e-02, 1.07628270e-03];[0.55045618, 0.44954382];[-8.17196015e+01, -6.99007688e-02, 0.00000000e+00, -3.89992748e+02, 7.13468900e-03, 0.00000000e+00];[-8.17489553e+01, -9.86167447e-02, -1.25881448e-02, -3.89989248e+02, 1.04442520e-02, 1.43685161e-03];[-8.18194218e+01, -7.76851637e-02, -1.29573043e-03, -3.89965426e+02, 9.26538635e-03, 3.54659736e-04];[-8.18531655e+01, -1.09438002e-01, -1.44947546e-02, -3.89960659e+02, 1.34129108e-02, 1.95989359e-03];[-89., -388.];[[1.37108271e-02, -2.54490869e-11], [1.06922647e-03, -4.58328791e-11], [1.77975207e-04, 4.59227033e-15], [-2.54490869e-11, 1.37108256e-02], [-3.22642753e-11, 1.06922557e-03], [4.59227033e-15, 1.77975207e-04]];[[1.43717437e-02, -2.93428122e-09], [1.49237130e-03, -3.01652251e-09], [2.62942422e-04, -1.32935033e-09], [-2.93428122e-09, 1.43717132e-02], [-2.86672132e-09, 1.49234164e-03], [-1.23960147e-09, 2.62929970e-04]];[[8.91124301e+03, -2.29935605e-07], [-2.29935605e-07, 8.91124300e+03]];[[8.91721848e+03, -2.65471548e-05], [-2.65471548e-05, 8.91721820e+03]];[[2.51533358, 2.82463079, 1.58598032, 0, 0, 0], [2.82463079, 3.17196064, 1.7809999, 0, 0, 0], [1.58598032, 1.7809999, 1., 0, 0, 0], [0, 0, 0, 2.51533358, 2.82463079, 1.58598032], [0, 0, 0, 2.82463079, 3.17196064, 1.7809999], [0, 0, 0, 1.58598032, 1.7809999, 1.]];[[8.12680342e-11, 6.87926090e-05, 7.89189590e-07, 0.00000000e+00, 0.00000000e+00, 0.00000000e+00], [6.87926090e-05, 1.65119673e-06, 1.33075350e-04, 0.00000000e+00, 0.00000000e+00, 0.00000000e+00], [7.89189590e-07, 1.33075350e-04, 1.49833723e-02, 0.00000000e+00, 0.00000000e+00, 0.00000000e+00], [0.00000000e+00, 0.00000000e+00, 0.00000000e+00, 8.12680342e-11, 6.87926090e-05, 7.89189590e-07], [0.00000000e+00, 0.00000000e+00, 0.00000000e+00, 6.87926090e-05, 1.65119673e-06, 1.33075350e-04], [0.00000000e+00, 0.00000000e+00, 0.00000000e+00, 7.89189590e-07, 1.33075350e-04, 1.49833723e-02]];[[8789.0625, 0], [  0, 8789.0625]];[[8789.0625, 0], [  0, 8789.0625]]
[-8.78992400e+01, -8.77664853e-01, -7.81092605e-02, -3.87502313e+02, 3.32108559e-01, 3.06989018e-02];[0.5426865, 0.4573135];[-8.19037235e+01, -8.16849143e-02, 0.00000000e+00, -3.89955233e+02, 9.78782985e-03, 0.00000000e+00];[-8.19545377e+01, -1.15137522e-01, -1.10152759e-02, -3.89948305e+02, 1.42392586e-02, 1.51833041e-03];[-8.77656957e+01, -7.42996285e-01, -1.91597635e-02, -3.87553883e+02, 2.80690421e-01, 7.84879885e-03];[-8.80577148e+01, -1.03747386e+00, -1.48063671e-01, -3.87441116e+02, 3.93125629e-01, 5.78147477e-02];[-94., -385.];[[4.84609585e-01, -1.30521229e-07], [5.46706104e-02, -1.11265914e-07], [1.58393912e-03, 4.01128297e-10], [-1.30521229e-07, 4.84608544e-01], [-1.06237322e-07, 5.46697380e-02], [4.01128297e-10, 1.58394232e-03]];[[5.06678398e-01, -3.11344542e-07], [7.65711245e-02, -3.52071310e-07], [1.13775529e-02, -1.03345898e-07], [-3.11344542e-07, 5.06675683e-01], [-3.36599301e-07, 7.65680954e-02], [-9.57525829e-08, 1.13766754e-02]];[[3.03168230e+02, -7.67763792e-05], [-7.67763792e-05, 3.03167618e+02]];[[3.16730504e+02, -1.99893479e-04], [-1.99893479e-04, 3.16728762e+02]];[[0.23059206, 0.47059603, 0.48020002, 0, 0, 0], [0.47059603, 0.96040004, 0.98000002, 0, 0, 0], [0.48020002, 0.98000002, 1., 0, 0, 0], [0, 0, 0, 0.23059206, 0.47059603, 0.48020002], [0, 0, 0, 0.47059603, 0.96040004, 0.98000002], [0, 0, 0, 0.48020002, 0.98000002, 1.]];[[4.28191846e-12, 8.17808114e-05, 1.42290101e-07, 0.00000000e+00, 0.00000000e+00, 0.00000000e+00], [8.17808114e-05, 2.91690185e-07, 4.35721375e-05, 0.00000000e+00, 0.00000000e+00, 0.00000000e+00], [1.42290101e-07, 4.35721375e-05, 8.89938842e-03, 0.00000000e+00, 0.00000000e+00, 0.00000000e+00], [0.00000000e+00, 0.00000000e+00, 0.00000000e+00, 4.28191846e-12, 8.17808114e-05, 1.42290101e-07], [0.00000000e+00, 0.00000000e+00, 0.00000000e+00, 8.17808114e-05, 2.91690185e-07, 4.35721375e-05], [0.00000000e+00, 0.00000000e+00, 0.00000000e+00, 1.42290101e-07, 4.35721375e-05, 8.89938842e-03]];[[156.25, 0], [  0, 156.25]];[[156.25, 0], [  0, 156.25]]
[-8.88820660e+01, -9.48044209e-01, -5.46334922e-02, -3.87120146e+02, 3.61284152e-01, 2.14985137e-02];[0.53003716, 0.46996284];[-8.85846184e+01, -7.81118623e-01, 0.00000000e+00, -3.87244039e+02, 2.95246005e-01, 0.00000000e+00];[-8.90544619e+01, -1.10614467e+00, -1.13777395e-01, -3.87063203e+02, 4.20441780e-01, 4.44844796e-02];[-8.86593830e+01, -7.93138756e-01, -3.69411408e-04, -3.87206338e+02, 3.01305785e-01, 1.86301464e-04];[-8.91332141e+01, -1.12275089e+00, -1.15834032e-01, -3.87022937e+02, 4.28929424e-01, 4.55350196e-02];[-97., -383.];[[8.88362880e-03, -1.30285129e-06], [1.42802090e-03, -6.57989116e-07], [4.38971957e-05, 5.77041403e-11], [-1.30285129e-06, 8.88068989e-03], [-6.54197808e-07, 1.42653624e-03], [5.77041403e-11, 4.38973258e-05]];[[9.91045995e-03, -2.03045814e-06], [2.08933339e-03, -1.31373707e-06], [2.58654112e-04, -3.67042952e-07], [-2.03045814e-06, 9.90583336e-03], [-1.31069958e-06, 2.08634200e-03], [-3.70057558e-07, 2.57826114e-04]];[[1.13902492e+04, -1.49727695e-02], [-1.49727695e-02, 1.13902155e+04]];[[1.14020622e+04, -2.33830385e-02], [-2.33830385e-02, 1.14020089e+04]];[[0.25, 0.5, 0.5, 0, 0, 0], [0.5, 1., 1., 0, 0, 0], [0.5, 1., 1., 0, 0, 0], [0, 0, 0, 0.25, 0.5, 0.5], [0, 0, 0, 0.5, 1., 1.], [0, 0, 0, 0.5, 1., 1.]];[[4.73187150e-12, 8.14365377e-05, 1.50881657e-07, 0.00000000e+00, 0.00000000e+00, 0.00000000e+00], [8.14365377e-05, 3.09459533e-07, 4.52795850e-05, 0.00000000e+00, 0.00000000e+00, 0.00000000e+00], [1.50881657e-07, 4.52795850e-05, 9.06346235e-03, 0.00000000e+00, 0.00000000e+00, 0.00000000e+00], [0.00000000e+00, 0.00000000e+00, 0.00000000e+00, 4.73187150e-12, 8.14365377e-05, 1.50881657e-07], [0.00000000e+00, 0.00000000e+00, 0.00000000e+00, 8.14365377e-05, 3.09459533e-07, 4.52795850e-05], [0.00000000e+00, 0.00000000e+00, 0.00000000e+00, 1.50881657e-07, 4.52795850e-05, 9.06346235e-03]];[[11289.0625, 0], [  0, 11289.0625]];[[11289.0625, 0], [  0, 11289.0625]]
[-9.70768338e+01, -2.45100789e+00, -1.06821167e-01, -3.88744166e+02, -2.91135610e-02, -6.92824467e-03];[0.5208817, 0.4791183];[-9.07871868e+01, -1.08804430e+00, 0.00000000e+00, -3.86840960e+02, 3.31439702e-01, 0.00000000e+00];[-9.12731739e+01, -1.36438986e+00, -9.64781705e-02, -3.86699586e+02, 4.13466544e-01, 2.75873619e-02];[-9.67988582e+01, -2.21225312e+00, -8.31880574e-06, -3.88730251e+02, -2.03514841e-02, -2.62202861e-06];[-9.73790398e+01, -2.71057423e+00, -2.22944593e-01, -3.88759293e+02, -3.86394037e-02, -1.44575545e-02];[-104., -391.];[[4.55031085e-01, -1.36875989e-04], [8.51139544e-02, -9.28007269e-05], [6.29551630e-07, 1.58120032e-10], [-1.36875989e-04, 4.54696139e-01], [-9.34018359e-05, 8.48814448e-02], [1.58120032e-10, 6.29938561e-07]];[[4.79817475e-01, -1.59903413e-04], [1.05818132e-01, -1.26638855e-04], [9.94744001e-03, -3.09079391e-05], [-1.59903413e-04, 4.79428812e-01], [-1.27523639e-04, 1.05508188e-01], [-3.14512625e-05, 9.87002379e-03]];[[2.86713619e+02, -7.19676003e-02], [-7.19676003e-02, 2.86537509e+02]];[[3.00375363e+02, -9.22660472e-02], [-9.22660472e-02, 3.00151100e+02]];[[3.25806163e-08, 3.42952892e-06, 1.80501015e-04, 0.00000000e+00, 0.00000000e+00, 0.00000000e+00], [3.42952892e-06, 3.61002029e-04, 1.90000534e-02, 0.00000000e+00, 0.00000000e+00, 0.00000000e+00], [1.80501015e-04, 1.90000534e-02, 1.00000000e+00, 0.00000000e+00, 0.00000000e+00, 0.00000000e+00], [0.00000000e+00, 0.00000000e+00, 0.00000000e+00, 3.25806163e-08, 3.42952892e-06, 1.80501015e-04], [0.00000000e+00, 0.00000000e+00, 0.00000000e+00, 3.42952892e-06, 3.61002029e-04, 1.90000534e-02], [0.00000000e+00, 0.00000000e+00, 0.00000000e+00, 1.80501015e-04, 1.90000534e-02, 1.00000000e+00]];[[1.21127067e-20, 9.96205400e-05, 1.14100651e-12, 0.00000000e+00, 0.00000000e+00, 0.00000000e+00], [9.96205400e-05, 2.28309750e-12, 1.80158442e-08, 0.00000000e+00, 0.00000000e+00, 0.00000000e+00], [1.14100651e-12, 1.80158442e-08, 1.89639989e-04, 0.00000000e+00, 0.00000000e+00, 0.00000000e+00], [0.00000000e+00, 0.00000000e+00, 0.00000000e+00, 1.21127067e-20, 9.96205400e-05, 1.14100651e-12], [0.00000000e+00, 0.00000000e+00, 0.00000000e+00, 9.96205400e-05, 2.28309750e-12, 1.80158442e-08], [0.00000000e+00, 0.00000000e+00, 0.00000000e+00, 1.14100651e-12, 1.80158442e-08, 1.89639989e-04]];[[156.25, 0], [  0, 156.25]];[[156.25, 0], [  0, 156.25]]
[-9.70768338e+01, -2.45100789e+00, -1.06821167e-01, -3.88744166e+02, -2.91135610e-02, -6.92824467e-03];[0.5208817, 0.4791183];[-9.07871868e+01, -1.08804430e+00, 0.00000000e+00, -3.86840960e+02, 3.31439702e-01, 0.00000000e+00];[-9.12731739e+01, -1.36438986e+00, -9.64781705e-02, -3.86699586e+02, 4.13466544e-01, 2.75873619e-02];[-9.67988582e+01, -2.21225312e+00, -8.31880574e-06, -3.88730251e+02, -2.03514841e-02, -2.62202861e-06];[-9.73790398e+01, -2.71057423e+00, -2.22944593e-01, -3.88759293e+02, -3.86394037e-02, -1.44575545e-02];[-104., -391.];[[4.55031085e-01, -1.36875989e-04], [8.51139544e-02, -9.28007269e-05], [6.29551630e-07, 1.58120032e-10], [-1.36875989e-04, 4.54696139e-01], [-9.34018359e-05, 8.48814448e-02], [1.58120032e-10, 6.29938561e-07]];[[4.79817475e-01, -1.59903413e-04], [1.05818132e-01, -1.26638855e-04], [9.94744001e-03, -3.09079391e-05], [-1.59903413e-04, 4.79428812e-01], [-1.27523639e-04, 1.05508188e-01], [-3.14512625e-05, 9.87002379e-03]];[[2.86713619e+02, -7.19676003e-02], [-7.19676003e-02, 2.86537509e+02]];[[3.00375363e+02, -9.22660472e-02], [-9.22660472e-02, 3.00151100e+02]];[[3.25806163e-08, 3.42952892e-06, 1.80501015e-04, 0.00000000e+00, 0.00000000e+00, 0.00000000e+00], [3.42952892e-06, 3.61002029e-04, 1.90000534e-02, 0.00000000e+00, 0.00000000e+00, 0.00000000e+00], [1.80501015e-04, 1.90000534e-02, 1.00000000e+00, 0.00000000e+00, 0.00000000e+00, 0.00000000e+00], [0.00000000e+00, 0.00000000e+00, 0.00000000e+00, 3.25806163e-08, 3.42952892e-06, 1.80501015e-04], [0.00000000e+00, 0.00000000e+00, 0.00000000e+00, 3.42952892e-06, 3.61002029e-04, 1.90000534e-02], [0.00000000e+00, 0.00000000e+00, 0.00000000e+00, 1.80501015e-04, 1.90000534e-02, 1.00000000e+00]];[[1.21127067e-20, 9.96205400e-05, 1.14100651e-12, 0.00000000e+00, 0.00000000e+00, 0.00000000e+00], [9.96205400e-05, 2.28309750e-12, 1.80158442e-08, 0.00000000e+00, 0.00000000e+00, 0.00000000e+00], [1.14100651e-12, 1.80158442e-08, 1.89639989e-04, 0.00000000e+00, 0.00000000e+00, 0.00000000e+00], [0.00000000e+00, 0.00000000e+00, 0.00000000e+00, 1.21127067e-20, 9.96205400e-05, 1.14100651e-12], [0.00000000e+00, 0.00000000e+00, 0.00000000e+00, 9.96205400e-05, 2.28309750e-12, 1.80158442e-08], [0.00000000e+00, 0.00000000e+00, 0.00000000e+00, 1.14100651e-12, 1.80158442e-08, 1.89639989e-04]];[[156.25, 0], [  0, 156.25]];[[156.25, 0], [  0, 156.25]]
[-1.02183110e+02, -2.62153898e+00, -7.45053554e-02, -3.88907010e+02, -6.04084790e-02, -6.33579857e-03];[0.51633315, 0.48366685];[-1.01445854e+02, -2.28184507e+00, 0.00000000e+00, -3.88780141e+02, -2.29054437e-02, 0.00000000e+00];[-1.02899710e+02, -2.96959188e+00, -1.53135197e-01, -3.88848789e+02, -5.76948193e-02, -9.93081564e-03];[-1.01507545e+02, -2.29450019e+00, -7.64901047e-04, -3.88867978e+02, -4.08938273e-02, -1.09268709e-03];[-1.02904301e+02, -2.97066559e+00, -1.53226155e-01, -3.88948678e+02, -8.12411276e-02, -1.19330237e-02];[-103., -391.];[[3.97336017e-02, -2.72570229e-05], [8.15431614e-03, -8.05525788e-06], [4.92148140e-04, 1.39695538e-08], [-2.72570229e-05, 3.95878916e-02], [-8.19399603e-06, 8.10912591e-03], [1.39695538e-08, 4.92222818e-04]];[[4.66783579e-02, -4.21367614e-05], [1.10504213e-02, -1.60526790e-05], [9.48931437e-04, -1.95740009e-06], [-4.21367614e-05, 4.64357662e-02], [-1.59607868e-05, 1.09463498e-02], [-1.76256275e-06, 9.30817471e-04]];[[4.06788159e+03, -1.15448713e-01], [-1.15448713e-01, 4.06726443e+03]];[[4.09751529e+03, -1.81063863e-01], [-1.81063863e-01, 4.09647286e+03]];[[4.00800542, 4.00600257, 2.00200035, 0, 0, 0], [4.00600257, 4.00400071, 2.00099993, 0, 0, 0], [2.00200035, 2.00099993, 1., 0, 0, 0], [0, 0, 0, 4.00800542, 4.00600257, 2.00200035], [0, 0, 0, 4.00600257, 4.00400071, 2.00099993], [0, 0, 0, 2.00200035, 2.00099993, 1.]];[[1.43775332e-10, 6.55013013e-05, 1.09536047e-06, 0.00000000e+00, 0.00000000e+00, 0.00000000e+00], [6.55013013e-05, 2.30477024e-06, 1.64441125e-04, 0.00000000e+00, 0.00000000e+00, 0.00000000e+00], [1.09536047e-06, 1.64441125e-04, 1.64906997e-02, 0.00000000e+00, 0.00000000e+00, 0.00000000e+00], [0.00000000e+00, 0.00000000e+00, 0.00000000e+00, 1.43775332e-10, 6.55013013e-05, 1.09536047e-06], [0.00000000e+00, 0.00000000e+00, 0.00000000e+00, 6.55013013e-05, 2.30477024e-06, 1.64441125e-04], [0.00000000e+00, 0.00000000e+00, 0.00000000e+00, 1.09536047e-06, 1.64441125e-04, 1.64906997e-02]];[[3906.25, 0], [  0, 3906.25]];[[3906.25, 0], [  0, 3906.25]]
[-1.03578936e+02, -2.42198980e+00, -4.10427170e-02, -3.91495500e+02, -5.85349414e-01, -2.87168308e-02];[0.52921608, 0.47078392];[-1.04048294e+02, -2.39041852e+00, 0.00000000e+00, -3.88925111e+02, -4.66173465e-02, 0.00000000e+00];[-1.05549085e+02, -2.98395295e+00, -1.17009622e-01, -3.89013982e+02, -8.43804833e-02, -9.26102062e-03];[-1.03222848e+02, -2.23084396e+00, 1.67029094e-03, -3.91360533e+02, -5.15878196e-01, -4.97115571e-03];[-1.03979220e+02, -2.63686002e+00, -8.90571231e-02, -3.91647218e+02, -6.63443171e-01, -5.54097409e-02];[-102., -395.];[[4.02489133e-01, -1.69544249e-04], [7.77825791e-02, -4.16399906e-05], [8.16141453e-04, 2.31580876e-07], [-1.69544249e-04, 4.00842763e-01], [-4.20151956e-05, 7.72318256e-02], [2.31580876e-07, 8.18390234e-04]];[[4.41936934e-01, -2.32676294e-04], [9.76650957e-02, -7.87156563e-05], [7.86563553e-03, -6.12921203e-06], [-2.32676294e-04, 4.39759779e-01], [-7.62815255e-05, 9.66906432e-02], [-4.11017073e-06, 7.70698163e-03]];[[5.88378467e+02, -1.66494168e-01], [-1.66494168e-01, 5.86761715e+02]];[[6.29969231e+02, -2.61635814e-01], [-2.61635814e-01, 6.27521102e+02]];[[0.23059206, 0.47059603, 0.48020002, 0, 0, 0], [0.47059603, 0.96040004, 0.98000002, 0, 0, 0], [0.48020002, 0.98000002, 1., 0, 0, 0], [0, 0, 0, 0.23059206, 0.47059603, 0.48020002], [0, 0, 0, 0.47059603, 0.96040004, 0.98000002], [0, 0, 0, 0.48020002, 0.98000002, 1.]];[[4.28191846e-12, 8.17808114e-05, 1.42290101e-07, 0.00000000e+00, 0.00000000e+00, 0.00000000e+00], [8.17808114e-05, 2.91690185e-07, 4.35721375e-05, 0.00000000e+00, 0.00000000e+00, 0.00000000e+00], [1.42290101e-07, 4.35721375e-05, 8.89938842e-03, 0.00000000e+00, 0.00000000e+00, 0.00000000e+00], [0.00000000e+00, 0.00000000e+00, 0.00000000e+00, 4.28191846e-12, 8.17808114e-05, 1.42290101e-07], [0.00000000e+00, 0.00000000e+00, 0.00000000e+00, 8.17808114e-05, 2.91690185e-07, 4.35721375e-05], [0.00000000e+00, 0.00000000e+00, 0.00000000e+00, 1.42290101e-07, 4.35721375e-05, 8.89938842e-03]];[[351.5625, 0], [  0, 351.5625]];[[351.5625, 0], [  0, 351.5625]]
[-1.04454164e+02, -2.14337106e+00, -1.65444154e-02, -3.94748654e+02, -1.12580566e+00, -4.28330806e-02];[0.53114608, 0.46885392];[-105.61369737, -2.28593437, 0, -391.93586881, -0.53590059, 0.];[-1.06462120e+02, -2.64017384e+00, -6.69861069e-02, -3.92262226e+02, -6.83842345e-01, -4.25777134e-02];[-1.04261204e+02, -2.03762610e+00, 3.22237041e-03, -3.94569440e+02, -1.01812622e+00, -6.31385186e-03];[-1.04672761e+02, -2.26316535e+00, -3.89374261e-02, -3.94951678e+02, -1.24779145e+00, -8.42042722e-02];[-102., -399.];[[3.74180284e-01, -4.51978310e-05], [6.87228702e-02, 5.00789272e-06], [8.91836003e-04, 6.44100079e-08], [-4.51978310e-05, 3.72785799e-01], [3.96879800e-06, 6.82659985e-02], [6.44100079e-08, 8.93823239e-04]];[[4.00914815e-01, -6.35917162e-05], [8.44918090e-02, 6.06407789e-07], [6.29490824e-03, 5.92990694e-06], [-6.35917162e-05, 3.99118185e-01], [5.21638809e-06, 8.37030720e-02], [1.12506676e-05, 6.18553856e-03]];[[5.61763225e+02, -4.04813527e-02], [-4.04813527e-02, 5.60514257e+02]];[[5.86832244e+02, -6.21048410e-02], [-6.21048410e-02, 5.85077623e+02]];[[0.25100167, 0.50150175, 0.50100067, 0, 0, 0], [0.50150175, 1.00200133, 1.00100017, 0, 0, 0], [0.50100067, 1.00100017, 1., 0, 0, 0], [0, 0, 0, 0.25100167, 0.50150175, 0.50100067], [0, 0, 0, 0.50150175, 1.00200133, 1.00100017], [0, 0, 0, 0.50100067, 1.00100017, 1.]];[[4.75532210e-12, 8.14193488e-05, 1.51319847e-07, 0.00000000e+00, 0.00000000e+00, 0.00000000e+00], [8.14193488e-05, 3.10366136e-07, 4.53657426e-05, 0.00000000e+00, 0.00000000e+00, 0.00000000e+00], [1.51319847e-07, 4.53657426e-05, 9.07165019e-03, 0.00000000e+00, 0.00000000e+00, 0.00000000e+00], [0.00000000e+00, 0.00000000e+00, 0.00000000e+00, 4.75532210e-12, 8.14193488e-05, 1.51319847e-07], [0.00000000e+00, 0.00000000e+00, 0.00000000e+00, 8.14193488e-05, 3.10366136e-07, 4.53657426e-05], [0.00000000e+00, 0.00000000e+00, 0.00000000e+00, 1.51319847e-07, 4.53657426e-05, 9.07165019e-03]];[[351.5625, 0], [  0, 351.5625]];[[351.5625, 0], [  0, 351.5625]]
[-1.02898892e+02, -1.36620363e+00, 1.66622024e-02, -4.00492363e+02, -1.97216177e+00, -5.26511516e-02];[0.52168562, 0.47831438];[-106.00218537, -1.928399, 0, -396.78218025, -1.21725308, 0.];[-1.06250081e+02, -2.02509179e+00, -1.04910845e-02, -3.97152287e+02, -1.40687417e+00, -6.22509123e-02];[-1.02890339e+02, -1.37391234e+00, 4.12870827e-04, -4.00303907e+02, -1.84345945e+00, -4.69348435e-04];[-1.02908221e+02, -1.35779594e+00, 3.43849451e-02, -4.00697907e+02, -2.11253421e+00, -1.09564550e-01];[-97., -407.];[[3.45759982e-01, 7.33383907e-05], [6.16490326e-02, 4.78923727e-05], [4.58575652e-05, -5.14049880e-09], [7.33383907e-05, 3.44729784e-01], [5.45688205e-05, 6.13337899e-02], [-5.14049880e-09, 4.59297747e-05]];[[3.61372174e-01, 8.74792876e-05], [7.22072998e-02, 6.37217195e-05], [4.86242824e-03, 1.03399728e-05], [8.74792876e-05, 3.60127169e-01], [7.99535091e-05, 7.17323513e-02], [2.16591323e-05, 4.82487514e-03]];[[5.37360135e+02, 6.01417957e-02], [6.01417957e-02, 5.36515312e+02]];[[5.50496694e+02, 7.52603584e-02], [7.52603584e-02, 5.49425588e+02]];[[6.07229500e-04, 5.47053302e-03, 2.46420271e-02, 0.00000000e+00, 0.00000000e+00, 0.00000000e+00], [5.47053302e-03, 4.92840542e-02, 2.22000122e-01, 0.00000000e+00, 0.00000000e+00, 0.00000000e+00], [2.46420271e-02, 2.22000122e-01, 1.00000000e+00, 0.00000000e+00, 0.00000000e+00, 0.00000000e+00], [0.00000000e+00, 0.00000000e+00, 0.00000000e+00, 6.07229500e-04, 5.47053302e-03, 2.46420271e-02], [0.00000000e+00, 0.00000000e+00, 0.00000000e+00, 5.47053302e-03, 4.92840542e-02, 2.22000122e-01], [0.00000000e+00, 0.00000000e+00, 0.00000000e+00, 2.46420271e-02, 2.22000122e-01, 1.00000000e+00]];[[2.66311077e-15, 9.56332023e-05, 1.78351903e-09, 0.00000000e+00, 0.00000000e+00, 0.00000000e+00], [9.56332023e-05, 3.58692320e-09, 2.41019913e-06, 0.00000000e+00, 0.00000000e+00, 0.00000000e+00], [1.78351903e-09, 2.41019913e-06, 2.17143855e-03, 0.00000000e+00, 0.00000000e+00, 0.00000000e+00], [0.00000000e+00, 0.00000000e+00, 0.00000000e+00, 2.66311077e-15, 9.56332023e-05, 1.78351903e-09], [0.00000000e+00, 0.00000000e+00, 0.00000000e+00, 9.56332023e-05, 3.58692320e-09, 2.41019913e-06], [0.00000000e+00, 0.00000000e+00, 0.00000000e+00, 1.78351903e-09, 2.41019913e-06, 2.17143855e-03]];[[351.5625, 0], [  0, 351.5625]];[[351.5625, 0], [  0, 351.5625]]
[-1.02898892e+02, -1.36620363e+00, 1.66622024e-02, -4.00492363e+02, -1.97216177e+00, -5.26511516e-02];[0.52168562, 0.47831438];[-106.00218537, -1.928399, 0, -396.78218025, -1.21725308, 0.];[-1.06250081e+02, -2.02509179e+00, -1.04910845e-02, -3.97152287e+02, -1.40687417e+00, -6.22509123e-02];[-1.02890339e+02, -1.37391234e+00, 4.12870827e-04, -4.00303907e+02, -1.84345945e+00, -4.69348435e-04];[-1.02908221e+02, -1.35779594e+00, 3.43849451e-02, -4.00697907e+02, -2.11253421e+00, -1.09564550e-01];[-97., -407.];[[3.45759982e-01, 7.33383907e-05], [6.16490326e-02, 4.78923727e-05], [4.58575652e-05, -5.14049880e-09], [7.33383907e-05, 3.44729784e-01], [5.45688205e-05, 6.13337899e-02], [-5.14049880e-09, 4.59297747e-05]];[[3.61372174e-01, 8.74792876e-05], [7.22072998e-02, 6.37217195e-05], [4.86242824e-03, 1.03399728e-05], [8.74792876e-05, 3.60127169e-01], [7.99535091e-05, 7.17323513e-02], [2.16591323e-05, 4.82487514e-03]];[[5.37360135e+02, 6.01417957e-02], [6.01417957e-02, 5.36515312e+02]];[[5.50496694e+02, 7.52603584e-02], [7.52603584e-02, 5.49425588e+02]];[[6.07229500e-04, 5.47053302e-03, 2.46420271e-02, 0.00000000e+00, 0.00000000e+00, 0.00000000e+00], [5.47053302e-03, 4.92840542e-02, 2.22000122e-01, 0.00000000e+00, 0.00000000e+00, 0.00000000e+00], [2.46420271e-02, 2.22000122e-01, 1.00000000e+00, 0.00000000e+00, 0.00000000e+00, 0.00000000e+00], [0.00000000e+00, 0.00000000e+00, 0.00000000e+00, 6.07229500e-04, 5.47053302e-03, 2.46420271e-02], [0.00000000e+00, 0.00000000e+00, 0.00000000e+00, 5.47053302e-03, 4.92840542e-02, 2.22000122e-01], [0.00000000e+00, 0.00000000e+00, 0.00000000e+00, 2.46420271e-02, 2.22000122e-01, 1.00000000e+00]];[[2.66311077e-15, 9.56332023e-05, 1.78351903e-09, 0.00000000e+00, 0.00000000e+00, 0.00000000e+00], [9.56332023e-05, 3.58692320e-09, 2.41019913e-06, 0.00000000e+00, 0.00000000e+00, 0.00000000e+00], [1.78351903e-09, 2.41019913e-06, 2.17143855e-03, 0.00000000e+00, 0.00000000e+00, 0.00000000e+00], [0.00000000e+00, 0.00000000e+00, 0.00000000e+00, 2.66311077e-15, 9.56332023e-05, 1.78351903e-09], [0.00000000e+00, 0.00000000e+00, 0.00000000e+00, 9.56332023e-05, 3.58692320e-09, 2.41019913e-06], [0.00000000e+00, 0.00000000e+00, 0.00000000e+00, 1.78351903e-09, 2.41019913e-06, 2.17143855e-03]];[[351.5625, 0], [  0, 351.5625]];[[351.5625, 0], [  0, 351.5625]]
[-1.00314845e+02, -4.38182344e-01, 6.38740883e-02, -4.08042664e+02, -2.77262366e+00, -7.87992185e-02];[0.52070531, 0.47929469];[-105.3055934, -1.37166787, 0, -403.66733805, -1.88093247, 0.];[-1.05256071e+02, -1.31377940e+00, 2.42398673e-02, -4.04408139e+02, -2.21742717e+00, -7.71236122e-02];[-1.00487883e+02, -5.56893571e-01, 3.29502138e-02, -4.07703178e+02, -2.56291203e+00, -2.77089825e-02];[-1.00126856e+02, -3.09214575e-01, 9.74697573e-02, -4.08411482e+02, -3.00045418e+00, -1.34303604e-01];[-93., -414.];[[3.91616174e-01, 1.31554583e-04], [6.62497322e-02, 4.52903112e-05], [2.67717542e-03, -5.78902135e-07], [1.31554583e-04, 3.90747219e-01], [5.24523684e-05, 6.60647783e-02], [-5.78902135e-07, 2.68099924e-03]];[[4.18639851e-01, 1.73479059e-04], [8.20154056e-02, 6.48310601e-05], [5.97625191e-03, 1.61389822e-06], [1.73479059e-04, 4.17590334e-01], [9.56252085e-05, 8.17567146e-02], [1.48572905e-05, 5.98028754e-03]];[[5.77863023e+02, 1.24776663e-01], [1.24776663e-01, 5.77038837e+02]];[[6.04724166e+02, 1.80125752e-01], [1.80125752e-01, 6.03634437e+02]];[[2.39333465, 2.72124453, 1.54704061, 0, 0, 0], [2.72124453, 3.09408122, 1.75900006, 0, 0, 0], [1.54704061, 1.75900006, 1., 0, 0, 0], [0, 0, 0, 2.39333465, 2.72124453, 1.54704061], [0, 0, 0, 2.72124453, 3.09408122, 1.75900006], [0, 0, 0, 1.54704061, 1.75900006, 1.]];[[7.64620022e-11, 6.91280791e-05, 7.61948747e-07, 0.00000000e+00, 0.00000000e+00, 0.00000000e+00], [6.91280791e-05, 1.59330279e-06, 1.30085476e-04, 0.00000000e+00, 0.00000000e+00, 0.00000000e+00], [7.61948747e-07, 1.30085476e-04, 1.48289608e-02, 0.00000000e+00, 0.00000000e+00, 0.00000000e+00], [0.00000000e+00, 0.00000000e+00, 0.00000000e+00, 7.64620022e-11, 6.91280791e-05, 7.61948747e-07], [0.00000000e+00, 0.00000000e+00, 0.00000000e+00, 6.91280791e-05, 1.59330279e-06, 1.30085476e-04], [0.00000000e+00, 0.00000000e+00, 0.00000000e+00, 7.61948747e-07, 1.30085476e-04, 1.48289608e-02]];[[351.5625, 0], [  0, 351.5625]];[[351.5625, 0], [  0, 351.5625]]
[-1.00019010e+02, -2.68073465e-01, 4.45571192e-02, -4.11334187e+02, -2.91650102e+00, -5.57323236e-02];[0.51493662, 0.48506338];[-100.95919517, -0.52228346, 0, -410.42358356, -2.6240532, 0.];[-1.00491600e+02, -2.66261477e-01, 7.88103349e-02, -4.11281229e+02, -3.04144650e+00, -1.06017012e-01];[-1.00262184e+02, -4.04662486e-01, 1.77614497e-03, -4.10922576e+02, -2.70830613e+00, -1.27388041e-03];[-9.97608589e+01, -1.23072434e-01, 8.99728144e-02, -4.11771147e+02, -3.13751786e+00, -1.13544660e-01];[-89., -419.];[[5.82841098e-02, 2.34358558e-06], [9.83287073e-03, -3.23617810e-06], [1.48516834e-04, -3.69603946e-10], [2.34358558e-06, 5.81852028e-02], [-1.51593238e-06, 9.82167884e-03], [-3.69603946e-10, 1.48532432e-04]];[[6.35931130e-02, 5.85443123e-06], [1.24568731e-02, -5.13496454e-06], [9.69560726e-04, -2.67856496e-06], [5.85443123e-06, 6.34797090e-02], [-5.47745243e-08, 1.24463770e-02], [-9.84081304e-07, 9.73774049e-04]];[[3.35989074e+03, 8.36065807e-03], [8.36065807e-03, 3.35953789e+03]];[[3.37893980e+03, 2.11226290e-02], [2.11226290e-02, 3.37853064e+03]];[[0.24900133, 0.49850125, 0.49900033, 0, 0, 0], [0.49850125, 0.99800067, 0.99899983, 0, 0, 0], [0.49900033, 0.99899983, 1., 0, 0, 0], [0, 0, 0, 0.24900133, 0.49850125, 0.49900033], [0, 0, 0, 0.49850125, 0.99800067, 0.99899983], [0, 0, 0, 0.49900033, 0.99899983, 1.]];[[4.70851301e-12, 8.14537291e-05, 1.50444286e-07, 0.00000000e+00, 0.00000000e+00, 0.00000000e+00], [8.14537291e-05, 3.08554652e-07, 4.51935007e-05, 0.00000000e+00, 0.00000000e+00, 0.00000000e+00], [1.50444286e-07, 4.51935007e-05, 9.05527286e-03, 0.00000000e+00, 0.00000000e+00, 0.00000000e+00], [0.00000000e+00, 0.00000000e+00, 0.00000000e+00, 4.70851301e-12, 8.14537291e-05, 1.50444286e-07], [0.00000000e+00, 0.00000000e+00, 0.00000000e+00, 8.14537291e-05, 3.08554652e-07, 4.51935007e-05], [0.00000000e+00, 0.00000000e+00, 0.00000000e+00, 1.50444286e-07, 4.51935007e-05, 9.05527286e-03]];[[3164.0625, 0], [  0, 3164.0625]];[[3164.0625, 0], [  0, 3164.0625]]
[-8.95188474e+01, 1.65824482e+00, 9.24348117e-02, -4.21903382e+02, -4.29279932e+00, -8.02161786e-02];[0.50771788, 0.49228212];[-91.97099611, 1.08606252, 0, -419.71775322, -3.77432115, 0.];[-9.15844815e+01, 1.43562984e+00, 1.60059617e-01, -4.20115115e+02, -4.11153210e+00, -1.38566544e-01];[-8.96537322e+01, 1.47418296e+00, 4.67676831e-06, -4.21767487e+02, -4.11813895e+00, -4.13760864e-06];[-8.93797333e+01, 1.84807804e+00, 1.87763143e-01, -4.22043538e+02, -4.47293626e+00, -1.62943311e-01];[-86., -425.];[[3.87962943e-01, -1.39842210e-04], [6.48256573e-02, -1.98152435e-04], [7.83405939e-07, 1.78997687e-10], [-1.39842210e-04, 3.87883973e-01], [-1.72528335e-04, 6.48942867e-02], [1.78997687e-10, 7.83507020e-07]];[[3.94671396e-01, -1.45982031e-04], [7.36516921e-02, -2.33718145e-04], [4.89558861e-03, -7.45568175e-05], [-1.45982031e-04, 3.94606545e-01], [-1.93641726e-04, 7.37627896e-02], [-5.84979846e-05, 4.92336748e-03]];[[2.55295012e+02, -5.83239405e-02], [-5.83239405e-02, 2.55262077e+02]];[[2.58124278e+02, -6.22430025e-02], [-6.22430025e-02, 2.58096627e+02]];[[3.99998474e-08, 3.99998856e-06, 1.99999619e-04, 0.00000000e+00, 0.00000000e+00, 0.00000000e+00], [3.99998856e-06, 3.99999237e-04, 1.99999809e-02, 0.00000000e+00, 0.00000000e+00, 0.00000000e+00], [1.99999619e-04, 1.99999809e-02, 1.00000000e+00, 0.00000000e+00, 0.00000000e+00, 0.00000000e+00], [0.00000000e+00, 0.00000000e+00, 0.00000000e+00, 3.99998474e-08, 3.99998856e-06, 1.99999619e-04], [0.00000000e+00, 0.00000000e+00, 0.00000000e+00, 3.99998856e-06, 3.99999237e-04, 1.99999809e-02], [0.00000000e+00, 0.00000000e+00, 0.00000000e+00, 1.99999619e-04, 1.99999809e-02, 1.00000000e+00]];[[1.59074143e-20, 9.96005998e-05, 1.33066579e-12, 0.00000000e+00, 0.00000000e+00, 0.00000000e+00], [9.96005998e-05, 2.66266285e-12, 1.99600086e-08, 0.00000000e+00, 0.00000000e+00, 0.00000000e+00], [1.33066579e-12, 1.99600086e-08, 1.99600343e-04, 0.00000000e+00, 0.00000000e+00, 0.00000000e+00], [0.00000000e+00, 0.00000000e+00, 0.00000000e+00, 1.59074143e-20, 9.96005998e-05, 1.33066579e-12], [0.00000000e+00, 0.00000000e+00, 0.00000000e+00, 9.96005998e-05, 2.66266285e-12, 1.99600086e-08], [0.00000000e+00, 0.00000000e+00, 0.00000000e+00, 1.33066579e-12, 1.99600086e-08, 1.99600343e-04]];[[156.25, 0], [  0, 156.25]];[[156.25, 0], [  0, 156.25]]
[-8.77993955e+01, 1.74324312e+00, 7.19135456e-02, -4.26202493e+02, -4.36810310e+00, -6.24984105e-02];[0.50540538, 0.49459462];[-88.11393521, 1.52881125, 0, -425.89856787, -4.16997695, 0.];[-8.75914394e+01, 1.93894037e+00, 1.44008823e-01, -4.26399605e+02, -4.54711818e+00, -1.24972751e-01];[-8.80563921e+01, 1.53982727e+00, 3.17784578e-04, -4.25955983e+02, -4.18097634e+00, -3.17006816e-04];[-8.75367816e+01, 1.95110520e+00, 1.45074234e-01, -4.26454392e+02, -4.55932005e+00, -1.26038964e-01];[-83., -431.];[[1.12311123e-02, -2.11639828e-05], [2.14162260e-03, -1.25258547e-05], [6.21422351e-05, 1.33011588e-09], [-2.11639828e-05, 1.12335330e-02], [-1.18694828e-05, 2.14423885e-03], [1.33011588e-09, 6.21420829e-05]];[[1.18768968e-02, -2.73281031e-05], [2.62948176e-03, -1.99372274e-05], [2.27306531e-04, -4.72707597e-06], [-2.73281031e-05, 1.18817559e-02], [-1.85910440e-05, 2.63379715e-03], [-4.14609526e-06, 2.27627471e-04]];[[7.74321492e+03, -1.65739103e-01], [-1.65739103e-01, 7.74323388e+03]];[[7.74827547e+03, -2.14291834e-01], [-2.14291834e-01, 7.74831358e+03]];[[0.23153485, 0.47203834, 0.48118068, 0, 0, 0], [0.47203834, 0.96236136, 0.98100019, 0, 0, 0], [0.48118068, 0.98100019, 1., 0, 0, 0], [0, 0, 0, 0.23153485, 0.47203834, 0.48118068], [0, 0, 0, 0.47203834, 0.96236136, 0.98100019], [0, 0, 0, 0.48118068, 0.98100019, 1.]];[[4.30357781e-12, 8.17635697e-05, 1.42712066e-07, 0.00000000e+00, 0.00000000e+00, 0.00000000e+00], [8.17635697e-05, 2.92562620e-07, 4.36568251e-05, 0.00000000e+00, 0.00000000e+00, 0.00000000e+00], [1.42712066e-07, 4.36568251e-05, 8.90760909e-03, 0.00000000e+00, 0.00000000e+00, 0.00000000e+00], [0.00000000e+00, 0.00000000e+00, 0.00000000e+00, 4.30357781e-12, 8.17635697e-05, 1.42712066e-07], [0.00000000e+00, 0.00000000e+00, 0.00000000e+00, 8.17635697e-05, 2.92562620e-07, 4.36568251e-05], [0.00000000e+00, 0.00000000e+00, 0.00000000e+00, 1.42712066e-07, 4.36568251e-05, 8.90760909e-03]];[[7656.25, 0], [  0, 7656.25]];[[7656.25, 0], [  0, 7656.25]]
