state_data;mode_probabilities;xprior0;xprior1;xpost0;xpost1;z;K0;K1;R0;R1;Q0;Q1;S0;S1
[1.30069683e+03, -8.17810807e-05, -3.38846556e-04, 1.07360973e+03, -7.15584456e-05, -2.96490736e-04];[0.70999999, 0.29000001];[1324., 0, 0, 1094., 0, 0.];[1324., 0, 0, 1094., 0, 0.];[1.30069683e+03, -1.14539683e-04, -4.77248659e-04, 1.07360973e+03, -1.00222222e-04, -4.17592576e-04];[1.30069684e+03, -1.57898873e-06, -3.72755645e-11, 1.07360974e+03, -1.38161514e-06, -3.26161190e-11];[1268., 1045.];[[4.16128019e-01, 0.00000000e+00], [2.04535148e-06, 0.00000000e+00], [8.52229748e-06, 0.00000000e+00], [0.00000000e+00, 4.16128019e-01], [0.00000000e+00, 2.04535148e-06], [0.00000000e+00, 8.52229748e-06]];[[4.16127840e-01, 0.00000000e+00], [2.81962274e-08, 0.00000000e+00], [6.65635081e-13, 0.00000000e+00], [0.00000000e+00, 4.16127840e-01], [0.00000000e+00, 2.81962274e-08], [0.00000000e+00, 6.65635081e-13]];[[3379.37068815, 0], [  0, 3379.37068815]];[[3379.37014966, 0], [  0, 3379.37014966]];[[8.29440132e-04, 6.91200082e-03, 2.88000023e-02, 0.00000000e+00, 0.00000000e+00, 0.00000000e+00], [6.91200082e-03, 5.76000046e-02, 2.40000010e-01, 0.00000000e+00, 0.00000000e+00, 0.00000000e+00], [2.88000023e-02, 2.40000010e-01, 1.00000000e+00, 0.00000000e+00, 0.00000000e+00, 0.00000000e+00], [0.00000000e+00, 0.00000000e+00, 0.00000000e+00, 8.29440132e-04, 6.91200082e-03, 2.88000023e-02], [0.00000000e+00, 0.00000000e+00, 0.00000000e+00, 6.91200082e-03, 5.76000046e-02, 2.40000010e-01], [0.00000000e+00, 0.00000000e+00, 0.00000000e+00, 2.88000023e-02, 2.40000010e-01, 1.00000000e+00]];[[3.92868064e-15, 9.52854892e-05, 2.24942732e-09, 0.00000000e+00, 0.00000000e+00, 0.00000000e+00], [9.52854892e-05, 4.52597760e-09, 2.81183803e-06, 0.00000000e+00, 0.00000000e+00, 0.00000000e+00], [2.24942732e-09, 2.81183803e-06, 2.34331074e-03, 0.00000000e+00, 0.00000000e+00, 0.00000000e+00], [0.00000000e+00, 0.00000000e+00, 0.00000000e+00, 3.92868064e-15, 9.52854892e-05, 2.24942732e-09], [0.00000000e+00, 0.00000000e+00, 0.00000000e+00, 9.52854892e-05, 4.52597760e-09, 2.81183803e-06], [0.00000000e+00, 0.00000000e+00, 0.00000000e+00, 2.24942732e-09, 2.81183803e-06, 2.34331074e-03]];[[1406.25, 0], [  0, 1406.25]];[[1406.25, 0], [  0, 1406.25]]
[1.30069683e+03, -8.17810807e-05, -3.38846556e-04, 1.07360973e+03, -7.15584456e-05, -2.96490736e-04];[0.70999999, 0.29000001];[1324., 0, 0, 1094., 0, 0.];[1324., 0, 0, 1094., 0, 0.];[1.30069683e+03, -1.14539683e-04, -4.77248659e-04, 1.07360973e+03, -1.00222222e-04, -4.17592576e-04];[1.30069684e+03, -1.57898873e-06, -3.72755645e-11, 1.07360974e+03, -1.38161514e-06, -3.26161190e-11];[1268., 1045.];[[4.16128019e-01, 0.00000000e+00], [2.04535148e-06, 0.00000000e+00], [8.52229748e-06, 0.00000000e+00], [0.00000000e+00, 4.16128019e-01], [0.00000000e+00, 2.04535148e-06], [0.00000000e+00, 8.52229748e-06]];[[4.16127840e-01, 0.00000000e+00], [2.81962274e-08, 0.00000000e+00], [6.65635081e-13, 0.00000000e+00], [0.00000000e+00, 4.16127840e-01], [0.00000000e+00, 2.81962274e-08], [0.00000000e+00, 6.65635081e-13]];[[3379.37068815, 0], [  0, 3379.37068815]];[[3379.37014966, 0], [  0, 3379.37014966]];[[8.29440132e-04, 6.91200082e-03, 2.88000023e-02, 0.00000000e+00, 0.00000000e+00, 0.00000000e+00], [6.91200082e-03, 5.76000046e-02, 2.40000010e-01, 0.00000000e+00, 0.00000000e+00, 0.00000000e+00], [2.88000023e-02, 2.40000010e-01, 1.00000000e+00, 0.00000000e+00, 0.00000000e+00, 0.00000000e+00], [0.00000000e+00, 0.00000000e+00, 0.00000000e+00, 8.29440132e-04, 6.91200082e-03, 2.88000023e-02], [0.00000000e+00, 0.00000000e+00, 0.00000000e+00, 6.91200082e-03, 5.76000046e-02, 2.40000010e-01], [0.00000000e+00, 0.00000000e+00, 0.00000000e+00, 2.88000023e-02, 2.40000010e-01, 1.00000000e+00]];[[3.92868064e-15, 9.52854892e-05, 2.24942732e-09, 0.00000000e+00, 0.00000000e+00, 0.00000000e+00], [9.52854892e-05, 4.52597760e-09, 2.81183803e-06, 0.00000000e+00, 0.00000000e+00, 0.00000000e+00], [2.24942732e-09, 2.81183803e-06, 2.34331074e-03, 0.00000000e+00, 0.00000000e+00, 0.00000000e+00], [0.00000000e+00, 0.00000000e+00, 0.00000000e+00, 3.92868064e-15, 9.52854892e-05, 2.24942732e-09], [0.00000000e+00, 0.00000000e+00, 0.00000000e+00, 9.52854892e-05, 4.52597760e-09, 2.81183803e-06], [0.00000000e+00, 0.00000000e+00, 0.00000000e+00, 2.24942732e-09, 2.81183803e-06, 2.34331074e-03]];[[1406.25, 0], [  0, 1406.25]];[[1406.25, 0], [  0, 1406.25]]
[1.28544996e+03, -4.65012250e-02, -2.46989882e-02, 1.06084439e+03, -3.89389834e-02, -2.06806502e-02];[0.64700633, 0.35299367];[1.30069664e+03, -1.06944953e-04, 0.00000000e+00, 1.07360956e+03, -9.35768336e-05, 0.00000000e+00];[1.30069656e+03, -2.68026397e-04, -1.20749088e-04, 1.07360949e+03, -2.34523098e-04, -1.05655452e-04];[1.28543920e+03, -5.94925020e-02, -3.25722311e-02, 1.06083539e+03, -4.98136849e-02, -2.72708539e-02];[1.28546967e+03, -2.26893575e-02, -1.02680268e-02, 1.06086089e+03, -1.90066123e-02, -8.60138671e-03];[1208., 996.];[[1.64595374e-01, 4.53615627e-13], [6.40644093e-04, 2.93349480e-13], [3.51385227e-04, -1.90798357e-16], [4.53615627e-13, 1.64595374e-01], [2.93349479e-13, 6.40644093e-04], [-1.90798357e-16, 3.51385227e-04]];[[1.64266001e-01, 2.87224474e-11], [2.41878742e-04, 3.34751189e-11], [1.09467666e-04, 1.51703157e-11], [2.87224474e-11, 1.64266001e-01], [3.34751188e-11, 2.41878733e-04], [1.51703157e-11, 1.09467662e-04]];[[4.40769806e+03, 2.39333212e-09], [2.39333212e-09, 4.40769806e+03]];[[4.40749303e+03, 1.51476411e-07], [1.51476411e-07, 4.40749303e+03]];[[2.39878139, 2.72588796, 1.54879998, 0, 0, 0], [2.72588796, 3.09759997, 1.75999999, 0, 0, 0], [1.54879998, 1.75999999, 1., 0, 0, 0], [0, 0, 0, 2.39878139, 2.72588796, 1.54879998], [0, 0, 0, 2.72588796, 3.09759997, 1.75999999], [0, 0, 0, 1.54879998, 1.75999999, 1.]];[[7.66754364e-11, 6.91128062e-05, 7.63173933e-07, 0.00000000e+00, 0.00000000e+00, 0.00000000e+00], [6.91128062e-05, 1.59590566e-06, 1.30220775e-04, 0.00000000e+00, 0.00000000e+00, 0.00000000e+00], [7.63173933e-07, 1.30220775e-04, 1.48359938e-02, 0.00000000e+00, 0.00000000e+00, 0.00000000e+00], [0.00000000e+00, 0.00000000e+00, 0.00000000e+00, 7.66754364e-11, 6.91128062e-05, 7.63173933e-07], [0.00000000e+00, 0.00000000e+00, 0.00000000e+00, 6.91128062e-05, 1.59590566e-06, 1.30220775e-04], [0.00000000e+00, 0.00000000e+00, 0.00000000e+00, 7.63173933e-07, 1.30220775e-04, 1.48359938e-02]];[[1406.25, 0], [  0, 1406.25]];[[1406.25, 0], [  0, 1406.25]]
[1.27354524e+03, -1.62162686e-01, -2.40911428e-02, 1.05048018e+03, -1.39451383e-01, -2.07889950e-02];[0.60309205, 0.39690795];[1.28538562e+03, -5.62603288e-02, 0.00000000e+00, 1.06079052e+03, -4.71081065e-02, 0.00000000e+00];[1.28542294e+03, -4.66429341e-02, -1.42233374e-02, 1.06082176e+03, -3.90633548e-02, -1.19114985e-02];[1.27350804e+03, -1.73988296e-01, -1.07671371e-02, 1.05044823e+03, -1.49618331e-01, -9.37537906e-03];[1.27360178e+03, -1.44193959e-01, -4.43366476e-02, 1.05052872e+03, -1.24002950e-01, -3.81317087e-02];[1157., 949.];[[9.25148701e-02, 4.61977215e-08], [9.16962965e-04, 2.78049684e-08], [8.38656038e-05, -4.26938105e-12], [4.61977215e-08, 9.25148536e-02], [2.78037067e-08, 9.16953025e-04], [-4.26938105e-12, 8.38656054e-05]];[[9.20484982e-02, 1.43452422e-07], [7.59505326e-04, 1.17331556e-07], [2.34449918e-04, 4.08081940e-08], [1.43452422e-07, 9.20484470e-02], [1.17325723e-07, 7.59463381e-04], [4.08049541e-08, 2.34435328e-04]];[[5.96191975e+03, 3.03505914e-04], [3.03505914e-04, 5.96191964e+03]];[[5.96444254e+03, 9.42356148e-04], [9.42356148e-04, 5.96444220e+03]];[[0.25, 0.5, 0.5, 0, 0, 0], [0.5, 1., 1., 0, 0, 0], [0.5, 1., 1., 0, 0, 0], [0, 0, 0, 0.25, 0.5, 0.5], [0, 0, 0, 0.5, 1., 1.], [0, 0, 0, 0.5, 1., 1.]];[[4.73187150e-12, 8.14365377e-05, 1.50881657e-07, 0.00000000e+00, 0.00000000e+00, 0.00000000e+00], [8.14365377e-05, 3.09459533e-07, 4.52795850e-05, 0.00000000e+00, 0.00000000e+00, 0.00000000e+00], [1.50881657e-07, 4.52795850e-05, 9.06346235e-03, 0.00000000e+00, 0.00000000e+00, 0.00000000e+00], [0.00000000e+00, 0.00000000e+00, 0.00000000e+00, 4.73187150e-12, 8.14365377e-05, 1.50881657e-07], [0.00000000e+00, 0.00000000e+00, 0.00000000e+00, 8.14365377e-05, 3.09459533e-07, 4.52795850e-05], [0.00000000e+00, 0.00000000e+00, 0.00000000e+00, 1.50881657e-07, 4.52795850e-05, 9.06346235e-03]];[[1406.25, 0], [  0, 1406.25]];[[1406.25, 0], [  0, 1406.25]]
[1.26001256e+03, -4.46156622e-01, -4.78842654e-02, 1.03925813e+03, -3.75334325e-01, -4.01467172e-02];[0.57256952, 0.42743048];[1.27334331e+03, -1.70888066e-01, 0.00000000e+00, 1.05030657e+03, -1.46952940e-01, 0.00000000e+00];[1.27340954e+03, -1.86637826e-01, -3.36241338e-02, 1.05036341e+03, -1.60528448e-01, -2.89403941e-02];[1.25997520e+03, -4.23209135e-01, -1.45253696e-02, 1.03922639e+03, -3.56090137e-01, -1.20393653e-02];[1.26006260e+03, -4.76896199e-01, -9.25705668e-02, 1.03930064e+03, -4.01113105e-01, -7.77982513e-02];[1092., 900.];[[7.37169032e-02, 2.87536207e-07], [1.39132117e-03, 9.49920038e-08], [8.00987531e-05, -2.48642038e-11], [2.87536207e-07, 7.37168095e-02], [9.50374253e-08, 1.39128960e-03], [-2.48642038e-11, 8.00987612e-05]];[[7.35730313e-02, 5.69895905e-07], [1.59985433e-03, 1.96419013e-07], [3.24956914e-04, -2.56138119e-08], [5.69895905e-07, 7.35728399e-02], [1.96688137e-07, 1.59978398e-03], [-2.54005623e-08, 3.24962468e-04]];[[6.50722247e+03, 2.01996764e-03], [2.01996764e-03, 6.50722182e+03]];[[6.51021877e+03, 4.00479085e-03], [4.00479085e-03, 6.51021742e+03]];[[0.27167071, 0.53216599, 0.52122041, 0, 0, 0], [0.53216599, 1.04244081, 1.02099991, 0, 0, 0], [0.52122041, 1.02099991, 1., 0, 0, 0], [0, 0, 0, 0.27167071, 0.53216599, 0.52122041], [0, 0, 0, 0.53216599, 1.04244081, 1.02099991], [0, 0, 0, 0.52122041, 1.02099991, 1.]];[[5.24400191e-12, 8.10761868e-05, 1.60254693e-07, 0.00000000e+00, 0.00000000e+00, 0.00000000e+00], [8.10761868e-05, 3.28858861e-07, 4.71039348e-05, 0.00000000e+00, 0.00000000e+00, 0.00000000e+00], [1.60254693e-07, 4.71039348e-05, 9.23503450e-03, 0.00000000e+00, 0.00000000e+00, 0.00000000e+00], [0.00000000e+00, 0.00000000e+00, 0.00000000e+00, 5.24400191e-12, 8.10761868e-05, 1.60254693e-07], [0.00000000e+00, 0.00000000e+00, 0.00000000e+00, 8.10761868e-05, 3.28858861e-07, 4.71039348e-05], [0.00000000e+00, 0.00000000e+00, 0.00000000e+00, 1.60254693e-07, 4.71039348e-05, 9.23503450e-03]];[[976.5625, 0], [  0, 976.5625]];[[976.5625, 0], [  0, 976.5625]]
[1.23564981e+03, -1.38049626e+00, -8.94621412e-02, 1.01907725e+03, -1.14920783e+00, -7.43625912e-02];[0.53657077, 0.46342923];[1.24708590e+03, -8.34764378e-01, 0.00000000e+00, 1.02848615e+03, -6.99016393e-01, 0.00000000e+00];[1.24693454e+03, -1.03253603e+00, -1.21568366e-01, 1.02836029e+03, -8.64356340e-01, -1.01657231e-01];[1.23578112e+03, -1.23591701e+00, -9.44042277e-04, 1.01918588e+03, -1.02904288e+00, -7.76648673e-04];[1.23549777e+03, -1.54789398e+00, -1.91950766e-01, 1.01895149e+03, -1.28833803e+00, -1.59562366e-01];[973., 803.];[[4.12447949e-02, 7.23770656e-07], [1.46313387e-03, 5.68848148e-07], [3.44433210e-06, -2.60014912e-12], [7.23770656e-07, 4.12445372e-02], [5.72117598e-07, 1.46292658e-03], [-2.60014912e-12, 3.44433302e-06]];[[4.17491349e-02, 1.04907961e-06], [1.88052249e-03, 9.66884597e-07], [2.56605880e-04, 3.95752842e-07], [1.04907961e-06, 4.17487560e-02], [9.72617570e-07, 1.88016825e-03], [3.98756102e-07, 2.56460010e-04]];[[9.73786895e+03, 7.35117981e-03], [7.35117981e-03, 9.73786633e+03]];[[9.72252834e+03, 1.06440834e-02], [1.06440834e-02, 9.72252450e+03]];[[0.00112496, 0.00868697, 0.03354045, 0, 0, 0], [0.00868697, 0.06708091, 0.25899982, 0, 0, 0], [0.03354045, 0.25899982, 1., 0, 0, 0], [0, 0, 0, 0.00112496, 0.00868697, 0.03354045], [0, 0, 0, 0.00868697, 0.06708091, 0.25899982], [0, 0, 0, 0.03354045, 0.25899982, 1.]];[[5.74422135e-15, 9.49194815e-05, 2.82171733e-09, 0.00000000e+00, 0.00000000e+00, 0.00000000e+00], [9.49194815e-05, 5.68016557e-09, 3.26847375e-06, 0.00000000e+00, 0.00000000e+00, 0.00000000e+00], [2.82171733e-09, 3.26847375e-06, 2.52406075e-03, 0.00000000e+00, 0.00000000e+00, 0.00000000e+00], [0.00000000e+00, 0.00000000e+00, 0.00000000e+00, 5.74422135e-15, 9.49194815e-05, 2.82171733e-09], [0.00000000e+00, 0.00000000e+00, 0.00000000e+00, 9.49194815e-05, 5.68016557e-09, 3.26847375e-06], [0.00000000e+00, 0.00000000e+00, 0.00000000e+00, 2.82171733e-09, 3.26847375e-06, 2.52406075e-03]];[[976.5625, 0], [  0, 976.5625]];[[976.5625, 0], [  0, 976.5625]]
[1.23564981e+03, -1.38049626e+00, -8.94621412e-02, 1.01907725e+03, -1.14920783e+00, -7.43625912e-02];[0.53657077, 0.46342923];[1.24708590e+03, -8.34764378e-01, 0.00000000e+00, 1.02848615e+03, -6.99016393e-01, 0.00000000e+00];[1.24693454e+03, -1.03253603e+00, -1.21568366e-01, 1.02836029e+03, -8.64356340e-01, -1.01657231e-01];[1.23578112e+03, -1.23591701e+00, -9.44042277e-04, 1.01918588e+03, -1.02904288e+00, -7.76648673e-04];[1.23549777e+03, -1.54789398e+00, -1.91950766e-01, 1.01895149e+03, -1.28833803e+00, -1.59562366e-01];[973., 803.];[[4.12447949e-02, 7.23770656e-07], [1.46313387e-03, 5.68848148e-07], [3.44433210e-06, -2.60014912e-12], [7.23770656e-07, 4.12445372e-02], [5.72117598e-07, 1.46292658e-03], [-2.60014912e-12, 3.44433302e-06]];[[4.17491349e-02, 1.04907961e-06], [1.88052249e-03, 9.66884597e-07], [2.56605880e-04, 3.95752842e-07], [1.04907961e-06, 4.17487560e-02], [9.72617570e-07, 1.88016825e-03], [3.98756102e-07, 2.56460010e-04]];[[9.73786895e+03, 7.35117981e-03], [7.35117981e-03, 9.73786633e+03]];[[9.72252834e+03, 1.06440834e-02], [1.06440834e-02, 9.72252450e+03]];[[0.00112496, 0.00868697, 0.03354045, 0, 0, 0], [0.00868697, 0.06708091, 0.25899982, 0, 0, 0], [0.03354045, 0.25899982, 1., 0, 0, 0], [0, 0, 0, 0.00112496, 0.00868697, 0.03354045], [0, 0, 0, 0.00868697, 0.06708091, 0.25899982], [0, 0, 0, 0.03354045, 0.25899982, 1.]];[[5.74422135e-15, 9.49194815e-05, 2.82171733e-09, 0.00000000e+00, 0.00000000e+00, 0.00000000e+00], [9.49194815e-05, 5.68016557e-09, 3.26847375e-06, 0.00000000e+00, 0.00000000e+00, 0.00000000e+00], [2.82171733e-09, 3.26847375e-06, 2.52406075e-03, 0.00000000e+00, 0.00000000e+00, 0.00000000e+00], [0.00000000e+00, 0.00000000e+00, 0.00000000e+00, 5.74422135e-15, 9.49194815e-05, 2.82171733e-09], [0.00000000e+00, 0.00000000e+00, 0.00000000e+00, 9.49194815e-05, 5.68016557e-09, 3.26847375e-06], [0.00000000e+00, 0.00000000e+00, 0.00000000e+00, 2.82171733e-09, 3.26847375e-06, 2.52406075e-03]];[[976.5625, 0], [  0, 976.5625]];[[976.5625, 0], [  0, 976.5625]]
[1.21566337e+03, -2.81557540e+00, -1.71721924e-01, 1.00253351e+03, -2.33664542e+00, -1.42291957e-01];[0.53859556, 0.46140444];[1.23349453e+03, -1.27717825e+00, 0.00000000e+00, 1.01728234e+03, -1.06333656e+00, 0.00000000e+00];[1.23267973e+03, -1.75257554e+00, -1.33783954e-01, 1.01660588e+03, -1.45848783e+00, -1.11209053e-01];[1.21662163e+03, -2.35167232e+00, -5.91042796e-02, 1.00332720e+03, -1.95204071e+00, -4.88834465e-02];[1.21454480e+03, -3.35708761e+00, -3.03180049e-01, 1.00160704e+03, -2.78559297e+00, -2.51327338e-01];[920, 758.];[[5.38111915e-02, 1.30691456e-05], [3.42325065e-03, 5.10528415e-06], [1.88535838e-04, -2.60413387e-09], [1.30691456e-05, 5.38063682e-02], [5.11404667e-06, 3.42137036e-03], [-2.60413387e-09, 1.88536799e-04]];[[5.79740181e-02, 2.94913495e-05], [5.11747244e-03, 1.69453387e-05], [5.38406083e-04, 4.05027983e-06], [2.94913495e-05, 5.79631615e-02], [1.69687915e-05, 5.11125021e-03], [4.05681782e-06, 5.36916647e-04]];[[8.22422299e+03, 1.13595742e-01], [1.13595742e-01, 8.22418107e+03]];[[8.12983502e+03, 2.54512134e-01], [2.54512134e-01, 8.12974133e+03]];[[2.40423872, 2.73053777, 1.55056078, 0, 0, 0], [2.73053777, 3.10112155, 1.76100016, 0, 0, 0], [1.55056078, 1.76100016, 1., 0, 0, 0], [0, 0, 0, 2.40423872, 2.73053777, 1.55056078], [0, 0, 0, 2.73053777, 3.10112155, 1.76100016], [0, 0, 0, 1.55056078, 1.76100016, 1.]];[[7.68893934e-11, 6.90975321e-05, 7.64400642e-07, 0.00000000e+00, 0.00000000e+00, 0.00000000e+00], [6.90975321e-05, 1.59851186e-06, 1.30356164e-04, 0.00000000e+00, 0.00000000e+00, 0.00000000e+00], [7.64400642e-07, 1.30356164e-04, 1.48430271e-02, 0.00000000e+00, 0.00000000e+00, 0.00000000e+00], [0.00000000e+00, 0.00000000e+00, 0.00000000e+00, 7.68893934e-11, 6.90975321e-05, 7.64400642e-07], [0.00000000e+00, 0.00000000e+00, 0.00000000e+00, 6.90975321e-05, 1.59851186e-06, 1.30356164e-04], [0.00000000e+00, 0.00000000e+00, 0.00000000e+00, 7.64400642e-07, 1.30356164e-04, 1.48430271e-02]];[[625., 0.], [  0, 625.]];[[625., 0.], [  0, 625.]]
[1.19401082e+03, -4.71154839e+00, -2.14025418e-01, 9.84694613e+02, -3.89782866e+00, -1.76813145e-01];[0.53961482, 0.46038518];[1213.91485668, -2.48370882, 0, 1001.08102566, -2.06150723, 0.];[1.21165633e+03, -3.42945829e+00, -2.37079565e-01, 9.99209743e+02, -2.84555242e+00, -1.96514596e-01];[1.19588321e+03, -3.95431630e+00, -1.85965837e-02, 9.86241153e+02, -3.27195670e+00, -1.53042307e-02];[1.19181620e+03, -5.59909575e+00, -4.43086428e-01, 9.82881922e+02, -4.63140957e+00, -3.66116811e-01];[859., 709.];[[5.07109313e-02, 1.14991647e-04], [4.11141048e-03, 3.90536259e-05], [5.24025338e-05, -6.34775419e-09], [1.14991647e-04, 5.06676549e-02], [3.90829458e-05, 4.09673428e-03], [-6.34775419e-09, 5.24049228e-05]];[[5.61143044e-02, 1.75973554e-04], [6.09137987e-03, 7.39940243e-05], [5.73312750e-04, 1.31783742e-05], [1.75973554e-04, 5.60482994e-02], [7.40507552e-05, 6.06369266e-03], [1.31923948e-05, 5.68381446e-04]];[[9.16367951e+03, 1.10998704e+00], [1.10998704e+00, 9.16326178e+03]];[[8.99239600e+03, 1.67638226e+00], [1.67638226e+00, 8.99176722e+03]];[[0.23059206, 0.47059603, 0.48020002, 0, 0, 0], [0.47059603, 0.96040004, 0.98000002, 0, 0, 0], [0.48020002, 0.98000002, 1., 0, 0, 0], [0, 0, 0, 0.23059206, 0.47059603, 0.48020002], [0, 0, 0, 0.47059603, 0.96040004, 0.98000002], [0, 0, 0, 0.48020002, 0.98000002, 1.]];[[4.28191846e-12, 8.17808114e-05, 1.42290101e-07, 0.00000000e+00, 0.00000000e+00, 0.00000000e+00], [8.17808114e-05, 2.91690185e-07, 4.35721375e-05, 0.00000000e+00, 0.00000000e+00, 0.00000000e+00], [1.42290101e-07, 4.35721375e-05, 8.89938842e-03, 0.00000000e+00, 0.00000000e+00, 0.00000000e+00], [0.00000000e+00, 0.00000000e+00, 0.00000000e+00, 4.28191846e-12, 8.17808114e-05, 1.42290101e-07], [0.00000000e+00, 0.00000000e+00, 0.00000000e+00, 8.17808114e-05, 2.91690185e-07, 4.35721375e-05], [0.00000000e+00, 0.00000000e+00, 0.00000000e+00, 1.42290101e-07, 4.35721375e-05, 8.89938842e-03]];[[625., 0.], [  0, 625.]];[[625., 0.], [  0, 625.]]
[1.15688850e+03, -8.45691282e+00, -3.29480132e-01, 9.54048061e+02, -6.98941832e+00, -2.72105398e-01];[0.55853198, 0.44146802];[1191.18145685, -4.16954897, 0, 982.35171828, -3.44985208, 0.];[1.18701690e+03, -5.66961586e+00, -3.35091315e-01, 9.78911226e+02, -4.68960217e+00, -2.76872192e-01];[1.16045802e+03, -7.17398853e+00, -2.97564680e-02, 9.56995630e+02, -5.92971750e+00, -2.45568079e-02];[1.15237244e+03, -1.00800298e+01, -7.08681444e-01, 9.50318886e+02, -8.33011973e+00, -5.85296384e-01];[803., 662.];[[7.85787467e-02, 6.88684319e-04], [7.57093823e-03, 2.04593050e-04], [7.67033896e-05, -5.73292850e-08], [6.88684319e-04, 7.83162766e-02], [2.04699380e-04, 7.49302962e-03], [-5.73292850e-08, 7.67252388e-05]];[[8.94064852e-02, 9.80897200e-04], [1.11895732e-02, 3.57919615e-04], [9.23594097e-04, 5.96835549e-05], [9.80897200e-04, 8.90333211e-02], [3.58100464e-04, 1.10535716e-02], [5.97135204e-05, 9.00861716e-04]];[[6.51862039e+03, 4.87072900e+00], [4.87072900e+00, 6.51676406e+03]];[[6327.52405904, 6.81325758], [  6.81325758, 6324.93208124]];[[0.25, 0.5, 0.5, 0, 0, 0], [0.5, 1., 1., 0, 0, 0], [0.5, 1., 1., 0, 0, 0], [0, 0, 0, 0.25, 0.5, 0.5], [0, 0, 0, 0.5, 1., 1.], [0, 0, 0, 0.5, 1., 1.]];[[4.73187150e-12, 8.14365377e-05, 1.50881657e-07, 0.00000000e+00, 0.00000000e+00, 0.00000000e+00], [8.14365377e-05, 3.09459533e-07, 4.52795850e-05, 0.00000000e+00, 0.00000000e+00, 0.00000000e+00], [1.50881657e-07, 4.52795850e-05, 9.06346235e-03, 0.00000000e+00, 0.00000000e+00, 0.00000000e+00], [0.00000000e+00, 0.00000000e+00, 0.00000000e+00, 4.73187150e-12, 8.14365377e-05, 1.50881657e-07], [0.00000000e+00, 0.00000000e+00, 0.00000000e+00, 8.14365377e-05, 3.09459533e-07, 4.52795850e-05], [0.00000000e+00, 0.00000000e+00, 0.00000000e+00, 1.50881657e-07, 4.52795850e-05, 9.06346235e-03]];[[351.5625, 0], [  0, 351.5625]];[[351.5625, 0], [  0, 351.5625]]
[1.04085830e+03, -2.38683578e+01, -1.12483697e+00, 8.58353751e+02, -1.97016706e+01, -9.28348126e-01];[0.39141582, 0.60858418];[1112.46717689, -12.09957074, 0, 917.37924442, -9.99550105, 0.];[1.10256349e+03, -1.53921204e+01, -8.27834577e-01, 9.09202482e+02, -1.27143629e+01, -6.83551793e-01];[1.05051237e+03, -2.03410182e+01, -2.69362940e-03, 8.66318925e+02, -1.67907283e+01, -2.21926047e-03];[1034.6492155, -26.13699476, -1.84655251, 853.23088424, -21.57386665, -1.52399537];[686., 566.];[[1.38933794e-01, 7.69569461e-03], [1.72521555e-02, 2.51571317e-03], [6.36300291e-06, -5.68687133e-08], [7.69569461e-03, 1.35973763e-01], [2.51627450e-03, 1.62847374e-02], [-5.68687133e-08, 6.38487659e-06]];[[0.15499206, 0.0097617], [0.02288533, 0.00353052], [0.00191691, 0.00064162], [0.0097617, 0.15123792], [0.00353129, 0.0215281], [0.00064172, 0.00166994]];[[3769.03474004, 33.56997634], [  33.56997634, 3756.12256002]];[[3634.02738148, 41.79533891], [  41.79533891, 3617.95380824]];[[5.75062938e-04, 5.25171962e-03, 2.39804699e-02, 0.00000000e+00, 0.00000000e+00, 0.00000000e+00], [5.25171962e-03, 4.79609398e-02, 2.18999863e-01, 0.00000000e+00, 0.00000000e+00, 0.00000000e+00], [2.39804699e-02, 2.18999863e-01, 1.00000000e+00, 0.00000000e+00, 0.00000000e+00, 0.00000000e+00], [0.00000000e+00, 0.00000000e+00, 0.00000000e+00, 5.75062938e-04, 5.25171962e-03, 2.39804699e-02], [0.00000000e+00, 0.00000000e+00, 0.00000000e+00, 5.25171962e-03, 4.79609398e-02, 2.18999863e-01], [0.00000000e+00, 0.00000000e+00, 0.00000000e+00, 2.39804699e-02, 2.18999863e-01, 1.00000000e+00]];[[2.48836729e-15, 9.56912515e-05, 1.71269350e-09, 0.00000000e+00, 0.00000000e+00, 0.00000000e+00], [9.56912515e-05, 3.44422327e-09, 2.34619445e-06, 0.00000000e+00, 0.00000000e+00, 0.00000000e+00], [1.71269350e-09, 2.34619445e-06, 2.14273032e-03, 0.00000000e+00, 0.00000000e+00, 0.00000000e+00], [0.00000000e+00, 0.00000000e+00, 0.00000000e+00, 2.48836729e-15, 9.56912515e-05, 1.71269350e-09], [0.00000000e+00, 0.00000000e+00, 0.00000000e+00, 9.56912515e-05, 3.44422327e-09, 2.34619445e-06], [0.00000000e+00, 0.00000000e+00, 0.00000000e+00, 1.71269350e-09, 2.34619445e-06, 2.14273032e-03]];[[156.25, 0], [  0, 156.25]];[[156.25, 0], [  0, 156.25]]
[1.04085830e+03, -2.38683578e+01, -1.12483697e+00, 8.58353751e+02, -1.97016706e+01, -9.28348126e-01];[0.39141582, 0.60858418];[1112.46717689, -12.09957074, 0, 917.37924442, -9.99550105, 0.];[1.10256349e+03, -1.53921204e+01, -8.27834577e-01, 9.09202482e+02, -1.27143629e+01, -6.83551793e-01];[1.05051237e+03, -2.03410182e+01, -2.69362940e-03, 8.66318925e+02, -1.67907283e+01, -2.21926047e-03];[1034.6492155, -26.13699476, -1.84655251, 853.23088424, -21.57386665, -1.52399537];[686., 566.];[[1.38933794e-01, 7.69569461e-03], [1.72521555e-02, 2.51571317e-03], [6.36300291e-06, -5.68687133e-08], [7.69569461e-03, 1.35973763e-01], [2.51627450e-03, 1.62847374e-02], [-5.68687133e-08, 6.38487659e-06]];[[0.15499206, 0.0097617], [0.02288533, 0.00353052], [0.00191691, 0.00064162], [0.0097617, 0.15123792], [0.00353129, 0.0215281], [0.00064172, 0.00166994]];[[3769.03474004, 33.56997634], [  33.56997634, 3756.12256002]];[[3634.02738148, 41.79533891], [  41.79533891, 3617.95380824]];[[5.75062938e-04, 5.25171962e-03, 2.39804699e-02, 0.00000000e+00, 0.00000000e+00, 0.00000000e+00], [5.25171962e-03, 4.79609398e-02, 2.18999863e-01, 0.00000000e+00, 0.00000000e+00, 0.00000000e+00], [2.39804699e-02, 2.18999863e-01, 1.00000000e+00, 0.00000000e+00, 0.00000000e+00, 0.00000000e+00], [0.00000000e+00, 0.00000000e+00, 0.00000000e+00, 5.75062938e-04, 5.25171962e-03, 2.39804699e-02], [0.00000000e+00, 0.00000000e+00, 0.00000000e+00, 5.25171962e-03, 4.79609398e-02, 2.18999863e-01], [0.00000000e+00, 0.00000000e+00, 0.00000000e+00, 2.39804699e-02, 2.18999863e-01, 1.00000000e+00]];[[2.48836729e-15, 9.56912515e-05, 1.71269350e-09, 0.00000000e+00, 0.00000000e+00, 0.00000000e+00], [9.56912515e-05, 3.44422327e-09, 2.34619445e-06, 0.00000000e+00, 0.00000000e+00, 0.00000000e+00], [1.71269350e-09, 2.34619445e-06, 2.14273032e-03, 0.00000000e+00, 0.00000000e+00, 0.00000000e+00], [0.00000000e+00, 0.00000000e+00, 0.00000000e+00, 2.48836729e-15, 9.56912515e-05, 1.71269350e-09], [0.00000000e+00, 0.00000000e+00, 0.00000000e+00, 9.56912515e-05, 3.44422327e-09, 2.34619445e-06], [0.00000000e+00, 0.00000000e+00, 0.00000000e+00, 1.71269350e-09, 2.34619445e-06, 2.14273032e-03]];[[156.25, 0], [  0, 156.25]];[[156.25, 0], [  0, 156.25]]
[935.08176271, -37.66711177, -2.06747404, 771.22536761, -31.06623913, -1.70508685];[0.17428909, 0.82571091];[1009.07884367, -21.58892403, 0, 832.1189808, -17.82056445, 0.];[988.85202616, -28.22430025, -1.39079995, 815.42868652, -23.2965995, -1.14785367];[9.52737457e+02, -3.04295727e+01, -1.01212470e-01, 7.85776899e+02, -2.50985255e+01, -8.30918261e-02];[931.35504098, -39.19479423, -2.48250784, 768.15386516, -32.32588987, -2.04745369];[629., 520.];[[1.29614367e-01, 2.26763144e-02], [1.88855420e-02, 5.32698687e-03], [2.72115191e-04, -7.08946634e-06], [2.26763144e-02, 1.20861905e-01], [5.32778735e-03, 1.68300621e-02], [-7.08946634e-06, 2.74851539e-04]];[[0.14260495, 0.02091979], [0.02509012, 0.0065727], [0.00222073, 0.00099034], [0.02091979, 0.13453939], [0.00657364, 0.02255621], [0.0009905, 0.00183857]];[[5702.00973065, 147.07651314], [147.07651314, 5645.24205854]];[[5430.83896862, 131.27343077], [131.27343077, 5380.22686701]];[[2.40423872, 2.73053777, 1.55056078, 0, 0, 0], [2.73053777, 3.10112155, 1.76100016, 0, 0, 0], [1.55056078, 1.76100016, 1., 0, 0, 0], [0, 0, 0, 2.40423872, 2.73053777, 1.55056078], [0, 0, 0, 2.73053777, 3.10112155, 1.76100016], [0, 0, 0, 1.55056078, 1.76100016, 1.]];[[7.68893934e-11, 6.90975321e-05, 7.64400642e-07, 0.00000000e+00, 0.00000000e+00, 0.00000000e+00], [6.90975321e-05, 1.59851186e-06, 1.30356164e-04, 0.00000000e+00, 0.00000000e+00, 0.00000000e+00], [7.64400642e-07, 1.30356164e-04, 1.48430271e-02, 0.00000000e+00, 0.00000000e+00, 0.00000000e+00], [0.00000000e+00, 0.00000000e+00, 0.00000000e+00, 7.68893934e-11, 6.90975321e-05, 7.64400642e-07], [0.00000000e+00, 0.00000000e+00, 0.00000000e+00, 6.90975321e-05, 1.59851186e-06, 1.30356164e-04], [0.00000000e+00, 0.00000000e+00, 0.00000000e+00, 7.64400642e-07, 1.30356164e-04, 1.48430271e-02]];[[351.5625, 0], [  0, 351.5625]];[[351.5625, 0], [  0, 351.5625]]
[828.44772279, -53.50319912, -3.11059212, 683.4409325, -44.10541626, -2.56454289];[0.08301511, 0.91698489];[908.61454385, -34.42082799, 0, 749.39110572, -28.38951549, 0.];[892.12452989, -41.15889393, -2.16910531, 735.79802407, -33.94583584, -1.78896182];[8.24943672e+02, -5.10469408e+01, -3.31137525e-02, 6.80551991e+02, -4.20815379e+01, -2.71713667e-02];[828.7649463, -53.72556542, -3.38919779, 683.70246987, -44.28863899, -2.79425242];[572., 473.];[[2.04244057e-01, 5.39791317e-02], [3.68099184e-02, 1.53237889e-02], [1.04175231e-04, -7.06659944e-06], [5.39791317e-02, 1.83323390e-01], [1.53280956e-02, 3.08706117e-02], [-7.06659944e-06, 1.06914029e-04]];[[0.17482673, 0.02813286], [0.03190734, 0.00895117], [0.00276722, 0.00127185], [0.02813286, 0.16396446], [0.00895288, 0.02845062], [0.00127229, 0.00227551]];[[4811.58235949, 318.02678645], [318.02678645, 4688.3248623]];[[4834.08896748, 162.66860444], [162.66860444, 4771.2816311]];[[0.24900133, 0.49850125, 0.49900033, 0, 0, 0], [0.49850125, 0.99800067, 0.99899983, 0, 0, 0], [0.49900033, 0.99899983, 1., 0, 0, 0], [0, 0, 0, 0.24900133, 0.49850125, 0.49900033], [0, 0, 0, 0.49850125, 0.99800067, 0.99899983], [0, 0, 0, 0.49900033, 0.99899983, 1.]];[[4.70851301e-12, 8.14537291e-05, 1.50444286e-07, 0.00000000e+00, 0.00000000e+00, 0.00000000e+00], [8.14537291e-05, 3.08554652e-07, 4.51935007e-05, 0.00000000e+00, 0.00000000e+00, 0.00000000e+00], [1.50444286e-07, 4.51935007e-05, 9.05527286e-03, 0.00000000e+00, 0.00000000e+00, 0.00000000e+00], [0.00000000e+00, 0.00000000e+00, 0.00000000e+00, 4.70851301e-12, 8.14537291e-05, 1.50444286e-07], [0.00000000e+00, 0.00000000e+00, 0.00000000e+00, 8.14537291e-05, 3.08554652e-07, 4.51935007e-05], [0.00000000e+00, 0.00000000e+00, 0.00000000e+00, 1.50444286e-07, 4.51935007e-05, 9.05527286e-03]];[[351.5625, 0], [  0, 351.5625]];[[351.5625, 0], [  0, 351.5625]]
[731.802625, -63.90926045, -2.96334614, 604.00991626, -52.65019983, -2.44166344];[0.19617373, 0.80382627];[773.59560343, -52.81733979, 0, 638.22316015, -43.54029008, 0.];[772.26967339, -56.91879015, -3.01288966, 637.13041946, -46.92133846, -2.48400019];[7.31956975e+02, -6.01753516e+01, -2.18337427e-02, 6.04131764e+02, -4.95751218e+01, -1.77996218e-02];[731.76495586, -64.82052057, -3.68122198, 603.98017925, -53.40067236, -3.03320719];[511., 424.];[[1.38414000e-01, 2.47019057e-02], [2.28026545e-02, 6.39583040e-03], [8.51371497e-05, -2.44090531e-06], [2.47019057e-02, 1.28859942e-01], [6.39738511e-03, 2.03288313e-02], [-2.44090531e-06, 8.60812288e-05]];[[0.13767527, 0.02127498], [0.024916, 0.00653091], [0.00191458, 0.00078877], [0.02127498, 0.12945939], [0.00653217, 0.02239322], [0.00078905, 0.00160959]];[[6115.11230307, 173.39912929], [173.39912929, 6048.04600184]];[[6123.28394154, 149.64577871], [149.64577871, 6065.49436813]];[[0.27060802, 0.53060397, 0.52019998, 0, 0, 0], [0.53060397, 1.04039996, 1.01999998, 0, 0, 0], [0.52019998, 1.01999998, 1., 0, 0, 0], [0, 0, 0, 0.27060802, 0.53060397, 0.52019998], [0, 0, 0, 0.53060397, 1.04039996, 1.01999998], [0, 0, 0, 0.52019998, 1.01999998, 1.]];[[5.21865855e-12, 8.10933189e-05, 1.59800127e-07, 0.00000000e+00, 0.00000000e+00, 0.00000000e+00], [8.10933189e-05, 3.27917726e-07, 4.70163376e-05, 0.00000000e+00, 0.00000000e+00, 0.00000000e+00], [1.59800127e-07, 4.70163376e-05, 9.22688129e-03, 0.00000000e+00, 0.00000000e+00, 0.00000000e+00], [0.00000000e+00, 0.00000000e+00, 0.00000000e+00, 5.21865855e-12, 8.10933189e-05, 1.59800127e-07], [0.00000000e+00, 0.00000000e+00, 0.00000000e+00, 8.10933189e-05, 3.27917726e-07, 4.70163376e-05], [0.00000000e+00, 0.00000000e+00, 0.00000000e+00, 1.59800127e-07, 4.70163376e-05, 9.22688129e-03]];[[625., 0.], [  0, 625.]];[[625., 0.], [  0, 625.]]
[553.32886185, -85.77389578, -3.29088465, 457.59914274, -70.57841222, -2.708646];[0.26505398, 0.73494602];[591.09885909, -75.12820719, 0, 488.6451812, -61.8199985, 0.];[587.20522977, -80.12030966, -3.83228923, 485.45565296, -65.92589024, -3.1539922];[5.55631225e+02, -8.23217498e+01, -1.90077495e-03, 4.59485853e+02, -6.77386134e+01, -1.56138776e-03];[552.49852791, -87.01889201, -4.47703742, 456.91871178, -71.60256902, -3.68494021];[398., 330.];[[1.69280943e-01, 1.75213438e-02], [3.06804111e-02, 8.00018132e-03], [1.00171141e-05, -2.11278770e-07], [1.75213438e-02, 1.62475637e-01], [8.01301302e-03, 2.75540122e-02], [-2.11278770e-07, 1.00991750e-05]];[[0.1705505, 0.01568071], [0.03099493, 0.00665257], [0.00250364, 0.00110029], [0.01568071, 0.16448465], [0.00665726, 0.02841383], [0.00110242, 0.00207367]];[[3375.71459056, 70.62129611], [  70.62129611, 3348.28521479]];[[3330.1697137, 62.49967798], [  62.49967798, 3305.99263843]];[[0.00114244, 0.008788, 0.0338, 0, 0, 0], [0.008788, 0.0676, 0.25999999, 0, 0, 0], [0.0338, 0.25999999, 1., 0, 0, 0], [0, 0, 0, 0.00114244, 0.008788, 0.0338], [0, 0, 0, 0.008788, 0.0676, 0.25999999], [0, 0, 0, 0.0338, 0.25999999, 1.]];[[5.85566824e-15, 9.49002435e-05, 2.85424842e-09, 0.00000000e+00, 0.00000000e+00, 0.00000000e+00], [9.49002435e-05, 5.74579543e-09, 3.29343789e-06, 0.00000000e+00, 0.00000000e+00, 0.00000000e+00], [2.85424842e-09, 3.29343789e-06, 2.53355657e-03, 0.00000000e+00, 0.00000000e+00, 0.00000000e+00], [0.00000000e+00, 0.00000000e+00, 0.00000000e+00, 5.85566824e-15, 9.49002435e-05, 2.85424842e-09], [0.00000000e+00, 0.00000000e+00, 0.00000000e+00, 9.49002435e-05, 5.74579543e-09, 3.29343789e-06], [0.00000000e+00, 0.00000000e+00, 0.00000000e+00, 2.85424842e-09, 3.29343789e-06, 2.53355657e-03]];[[351.5625, 0], [  0, 351.5625]];[[351.5625, 0], [  0, 351.5625]]
[553.32886185, -85.77389578, -3.29088465, 457.59914274, -70.57841222, -2.708646];[0.26505398, 0.73494602];[591.09885909, -75.12820719, 0, 488.6451812, -61.8199985, 0.];[587.20522977, -80.12030966, -3.83228923, 485.45565296, -65.92589024, -3.1539922];[5.55631225e+02, -8.23217498e+01, -1.90077495e-03, 4.59485853e+02, -6.77386134e+01, -1.56138776e-03];[552.49852791, -87.01889201, -4.47703742, 456.91871178, -71.60256902, -3.68494021];[398., 330.];[[1.69280943e-01, 1.75213438e-02], [3.06804111e-02, 8.00018132e-03], [1.00171141e-05, -2.11278770e-07], [1.75213438e-02, 1.62475637e-01], [8.01301302e-03, 2.75540122e-02], [-2.11278770e-07, 1.00991750e-05]];[[0.1705505, 0.01568071], [0.03099493, 0.00665257], [0.00250364, 0.00110029], [0.01568071, 0.16448465], [0.00665726, 0.02841383], [0.00110242, 0.00207367]];[[3375.71459056, 70.62129611], [  70.62129611, 3348.28521479]];[[3330.1697137, 62.49967798], [  62.49967798, 3305.99263843]];[[0.00114244, 0.008788, 0.0338, 0, 0, 0], [0.008788, 0.0676, 0.25999999, 0, 0, 0], [0.0338, 0.25999999, 1., 0, 0, 0], [0, 0, 0, 0.00114244, 0.008788, 0.0338], [0, 0, 0, 0.008788, 0.0676, 0.25999999], [0, 0, 0, 0.0338, 0.25999999, 1.]];[[5.85566824e-15, 9.49002435e-05, 2.85424842e-09, 0.00000000e+00, 0.00000000e+00, 0.00000000e+00], [9.49002435e-05, 5.74579543e-09, 3.29343789e-06, 0.00000000e+00, 0.00000000e+00, 0.00000000e+00], [2.85424842e-09, 3.29343789e-06, 2.53355657e-03, 0.00000000e+00, 0.00000000e+00, 0.00000000e+00], [0.00000000e+00, 0.00000000e+00, 0.00000000e+00, 5.85566824e-15, 9.49002435e-05, 2.85424842e-09], [0.00000000e+00, 0.00000000e+00, 0.00000000e+00, 9.49002435e-05, 5.74579543e-09, 3.29343789e-06], [0.00000000e+00, 0.00000000e+00, 0.00000000e+00, 2.85424842e-09, 3.29343789e-06, 2.53355657e-03]];[[351.5625, 0], [  0, 351.5625]];[[351.5625, 0], [  0, 351.5625]]
[353.11779067, -101.39203985, -3.88921462, 292.58179731, -83.47581659, -3.20329671];[0.1605093, 0.8394907];[405.32225441, -83.86500936, 0, 335.80794696, -69.00812714, 0.];[392.00295707, -93.60136818, -3.52291466, 324.85441142, -77.02057266, -2.8996249];[3.58843659e+02, -9.31894540e+01, -7.94782655e-02, 2.97314371e+02, -7.67176182e+01, -6.60208536e-02];[352.02301367, -102.96036137, -4.61763022, 291.67693672, -84.7679735, -3.80313892];[338., 280.];[[6.49879562e-01, 4.88682793e-02], [1.15265679e-01, 2.80336291e-02], [1.33503265e-03, -1.86338018e-04], [4.88682793e-02, 6.30800011e-01], [2.80673399e-02, 1.04285049e-01], [-1.86338018e-04, 1.40778425e-03]];[[0.70536915, 0.04209003], [0.14341643, 0.0359849], [0.01401083, 0.00753748], [0.04209003, 0.68899552], [0.03601932, 0.12935743], [0.00754848, 0.01105519]];[[1208.97289251, 160.02282413], [160.02282413, 1146.49547999]];[[1145.42947082, 155.01757258], [155.01757258, 1085.12540527]];[[2.50968948, 2.81987586, 1.58419995, 0, 0, 0], [2.81987586, 3.1683999, 1.77999997, 0, 0, 0], [1.58419995, 1.77999997, 1., 0, 0, 0], [0, 0, 0, 2.50968948, 2.81987586, 1.58419995], [0, 0, 0, 2.81987586, 3.1683999, 1.77999997], [0, 0, 0, 1.58419995, 1.77999997, 1.]];[[8.10445307e-11, 6.88078314e-05, 7.87938466e-07, 0.00000000e+00, 0.00000000e+00, 0.00000000e+00], [6.88078314e-05, 1.64853678e-06, 1.32938862e-04, 0.00000000e+00, 0.00000000e+00, 0.00000000e+00], [7.87938466e-07, 1.32938862e-04, 1.49763688e-02, 0.00000000e+00, 0.00000000e+00, 0.00000000e+00], [0.00000000e+00, 0.00000000e+00, 0.00000000e+00, 8.10445307e-11, 6.88078314e-05, 7.87938466e-07], [0.00000000e+00, 0.00000000e+00, 0.00000000e+00, 6.88078314e-05, 1.64853678e-06, 1.32938862e-04], [0.00000000e+00, 0.00000000e+00, 0.00000000e+00, 7.87938466e-07, 1.32938862e-04, 1.49763688e-02]];[[156.25, 0], [  0, 156.25]];[[156.25, 0], [  0, 156.25]]
[265.983688, -99.5202952, -2.068175, 220.53323833, -81.98712075, -1.70540199];[0.40697809, 0.59302191];[261.60589989, -97.87920945, 0, 217.25026525, -80.58155798, 0.];[251.71465276, -106.73264987, -4.060386, 209.09265637, -87.87479998, -3.34420215];[2.71835501e+02, -9.42385153e+01, 1.33228136e-02, 2.25298948e+02, -7.76432207e+01, 1.00939231e-02];[261.96771573, -103.14506633, -3.49666186, 217.26263472, -84.96824523, -2.88270968];[282., 233.];[[4.47325584e-01, 7.02740740e-02], [1.31548891e-01, 6.08183504e-02], [7.24401469e-04, -9.21096416e-05], [7.02740740e-02, 4.20039244e-01], [6.07712052e-02, 1.07872496e-01], [-9.21096416e-05, 7.60166222e-04]];[[0.30975165, 0.03647945], [0.09014702, 0.03586553], [0.01232218, 0.00797005], [0.03647945, 0.29552366], [0.03586873, 0.07613802], [0.00796993, 0.00920723]];[[646.06543252, 78.28400381], [78.28400381, 615.66896106]];[[785.26956705, 40.66311185], [40.66311185, 769.40982858]];[[0.21233667, 0.44236805, 0.46080004, 0, 0, 0], [0.44236805, 0.92160007, 0.96000004, 0, 0, 0], [0.46080004, 0.96000004, 1., 0, 0, 0], [0, 0, 0, 0.21233667, 0.44236805, 0.46080004], [0, 0, 0, 0.44236805, 0.92160007, 0.96000004], [0, 0, 0, 0.46080004, 0.96000004, 1.]];[[3.86669043e-12, 8.21261428e-05, 1.34020227e-07, 0.00000000e+00, 0.00000000e+00, 0.00000000e+00], [8.21261428e-05, 2.74597924e-07, 4.18941849e-05, 0.00000000e+00, 0.00000000e+00, 0.00000000e+00], [1.34020227e-07, 4.18941849e-05, 8.73465689e-03, 0.00000000e+00, 0.00000000e+00, 0.00000000e+00], [0.00000000e+00, 0.00000000e+00, 0.00000000e+00, 3.86669043e-12, 8.21261428e-05, 1.34020227e-07], [0.00000000e+00, 0.00000000e+00, 0.00000000e+00, 8.21261428e-05, 2.74597924e-07, 4.18941849e-05], [0.00000000e+00, 0.00000000e+00, 0.00000000e+00, 1.34020227e-07, 4.18941849e-05, 8.73465689e-03]];[[351.5625, 0], [  0, 351.5625]];[[351.5625, 0], [  0, 351.5625]]
[185.48634826, -92.38010512, -0.54485756, 153.79559263, -76.17953096, -0.45164851];[0.65193128, 0.34806872];[171.93166934, -96.06030175, 0, 143.00997559, -79.14151456, 0.];[157.3443565, -105.20316711, -2.81547167, 131.06424422, -86.66698421, -2.32121126];[1.90504571e+02, -8.95890777e+01, 2.18201992e-02, 1.57884053e+02, -7.38837012e+01, 1.68102028e-02];[176.08723772, -97.60768804, -1.60624268, 146.13792303, -80.47961059, -1.32906974];[227., 186.];[[2.72775071e-01, 8.26153021e-02], [8.32351344e-02, 4.39079582e-02], [4.34799459e-04, -4.93947433e-05], [8.26153021e-02, 2.40162477e-01], [4.39862154e-02, 6.59586946e-02], [-4.93947433e-05, 4.54298156e-04]];[[0.21991674, 0.06233534], [0.07701083, 0.04061544], [0.01117714, 0.00783967], [0.06233534, 0.19534947], [0.04068247, 0.06104603], [0.00786326, 0.00808983]];[[1209.00183125, 131.45185448], [131.45185448, 1157.11088685]];[[1450.0602391, 112.33447348], [112.33447348, 1405.78756879]];[[0.2695482, 0.52904464, 0.51918031, 0, 0, 0], [0.52904464, 1.03836062, 1.01899981, 0, 0, 0], [0.51918031, 1.01899981, 1., 0, 0, 0], [0, 0, 0, 0.2695482, 0.52904464, 0.51918031], [0, 0, 0, 0.52904464, 1.03836062, 1.01899981], [0, 0, 0, 0.51918031, 1.01899981, 1.]];[[5.19340670e-12, 8.11104577e-05, 1.59346284e-07, 0.00000000e+00, 0.00000000e+00, 0.00000000e+00], [8.11104577e-05, 3.26978119e-07, 4.69287923e-05, 0.00000000e+00, 0.00000000e+00, 0.00000000e+00], [1.59346284e-07, 4.69287923e-05, 9.21872449e-03, 0.00000000e+00, 0.00000000e+00, 0.00000000e+00], [0.00000000e+00, 0.00000000e+00, 0.00000000e+00, 5.19340670e-12, 8.11104577e-05, 1.59346284e-07], [0.00000000e+00, 0.00000000e+00, 0.00000000e+00, 8.11104577e-05, 3.26978119e-07, 4.69287923e-05], [0.00000000e+00, 0.00000000e+00, 0.00000000e+00, 1.59346284e-07, 4.69287923e-05, 9.21872449e-03]];[[351.5625, 0], [  0, 351.5625]];[[351.5625, 0], [  0, 351.5625]]
