state_data;mode_probabilities;xprior0;xprior1;xpost0;xpost1;z;K0;K1;R0;R1;Q0;Q1;S0;S1
[712., 0, 0, 343., 0, 0.];[0.8, 0.2];[[0.], [0.], [0.], [0.], [0.], [0.]];[[0.], [0.], [0.], [0.], [0.], [0.]];[[0.], [0.], [0.], [0.], [0.], [0.]];[[0.], [0.], [0.], [0.], [0.], [0.]];[712., 0, 0, 343., 0, 0.];[[0, 0.], [0, 0.], [0, 0.], [0, 0.], [0, 0.], [0, 0.]];[[0, 0.], [0, 0.], [0, 0.], [0, 0.], [0, 0.], [0, 0.]];[[0, 0.], [0, 0.]];[[0, 0.], [0, 0.]];[[0, 0, 0, 0, 0, 0.], [0, 0, 0, 0, 0, 0.], [0, 0, 0, 0, 0, 0.], [0, 0, 0, 0, 0, 0.], [0, 0, 0, 0, 0, 0.], [0, 0, 0, 0, 0, 0.]];[[0, 0, 0, 0, 0, 0.], [0, 0, 0, 0, 0, 0.], [0, 0, 0, 0, 0, 0.], [0, 0, 0, 0, 0, 0.], [0, 0, 0, 0, 0, 0.], [0, 0, 0, 0, 0, 0.]];[[1.43121737, 0], [0, 1.43121737]];[[1.43121737, 0], [0, 1.43121737]]
[7.12349436e+02, 6.44774191e-02, 5.99072697e-02, 3.42997799e+02, 2.87925063e-04, 2.35794637e-04];[0.6030688, 0.3969312];[7.11996605e+02, 6.10029270e-05, 0.00000000e+00, 3.42996605e+02, 6.10029270e-05, 0.00000000e+00];[7.11996605e+02, 8.36633661e-05, 8.36519691e-05, 3.42996605e+02, 8.36633661e-05, 8.36519691e-05];[7.12348980e+02, 6.11009807e-02, 5.21831197e-02, 3.42997797e+02, 2.67517135e-04, 1.76549122e-04];[7.12350129e+02, 6.96073373e-02, 7.16427892e-02, 3.42997801e+02, 3.18931405e-04, 3.25808021e-04];[713., 343.];[[3.51182408e-01, 8.11596629e-12], [6.08334636e-02, 2.04152724e-11], [5.20065706e-02, -6.50542739e-13], [8.11596629e-12, 3.51182408e-01], [2.04152724e-11, 6.08334636e-02], [-6.50542739e-13, 5.20065706e-02]];[[3.52328508e-01, 5.65446480e-11], [6.92884061e-02, 2.07511574e-10], [7.13169814e-02, 2.20576765e-10], [5.65446480e-11, 3.52328508e-01], [2.07511574e-10, 6.92884061e-02], [2.20576765e-10, 7.13169814e-02]];[[2.20588558e+00, 2.75931066e-11], [2.75931066e-11, 2.20588558e+00]];[[2.20978905e+00, 1.92924570e-10], [1.92924570e-10, 2.20978905e+00]];[[0.0131608, 0.05495115, 0.11472054, 0, 0, 0], [0.05495115, 0.22944109, 0.47900009, 0, 0, 0], [0.11472054, 0.47900009, 1., 0, 0, 0], [0, 0, 0, 0.0131608, 0.05495115, 0.11472054], [0, 0, 0, 0.05495115, 0.22944109, 0.47900009], [0, 0, 0, 0.11472054, 0.47900009, 1.]];[[1.22782011e-13, 9.07570051e-05, 1.74623485e-08, 0.00000000e+00, 0.00000000e+00, 0.00000000e+00], [9.07570051e-05, 3.53469429e-08, 1.09375871e-05, 0.00000000e+00, 0.00000000e+00, 0.00000000e+00], [1.74623485e-08, 1.09375871e-05, 4.56771448e-03, 0.00000000e+00, 0.00000000e+00, 0.00000000e+00], [0.00000000e+00, 0.00000000e+00, 0.00000000e+00, 1.22782011e-13, 9.07570051e-05, 1.74623485e-08], [0.00000000e+00, 0.00000000e+00, 0.00000000e+00, 9.07570051e-05, 3.53469429e-08, 1.09375871e-05], [0.00000000e+00, 0.00000000e+00, 0.00000000e+00, 1.74623485e-08, 1.09375871e-05, 4.56771448e-03]];[[1.43121737, 0], [0, 1.43121737]];[[1.43121737, 0], [0, 1.43121737]]
[7.13124071e+02, 5.53319782e-01, 1.64806184e-01, 3.43332021e+02, 2.47586258e-01, 8.34962185e-02];[0.53950515, 0.46049485];[7.12664854e+02, 1.83604682e-01, 0.00000000e+00, 3.42996928e+02, 4.37759248e-04, 0.00000000e+00];[7.12709263e+02, 2.85023940e-01, 1.23401784e-01, 3.42997062e+02, 7.09311258e-04, 3.69551283e-04];[7.13079866e+02, 4.44021048e-01, 2.54842447e-02, 3.43308614e+02, 1.95863266e-01, 1.91487914e-02];[7.13175861e+02, 6.81371658e-01, 3.28032556e-01, 3.43359444e+02, 3.08183722e-01, 1.58884180e-01];[714., 344.];[[3.10835981e-01, 2.54708276e-07], [1.95046741e-01, 5.38496205e-07], [1.90872435e-02, -7.05445838e-09], [2.54708276e-07, 3.10730518e-01], [4.27476964e-07, 1.94826517e-01], [-7.05445838e-09, 1.90901644e-02]];[[3.61497263e-01, 2.89579458e-07], [3.07070291e-01, 7.43165174e-07], [1.58537400e-01, 6.88760511e-07], [2.89579458e-07, 3.61319897e-01], [4.44811038e-07, 3.06573126e-01], [7.37613420e-08, 1.58050183e-01]];[[2.35759478e+00, 8.71210635e-07], [8.71210635e-07, 2.35723406e+00]];[[2.41404260e+00, 1.09453410e-06], [1.09453410e-06, 2.41337221e+00]];[[0.002025, 0.01349999, 0.04499999, 0, 0, 0], [0.01349999, 0.08999997, 0.29999995, 0, 0, 0], [0.04499999, 0.29999995, 1., 0, 0, 0], [0, 0, 0, 0.002025, 0.01349999, 0.04499999], [0, 0, 0, 0.01349999, 0.08999997, 0.29999995], [0, 0, 0, 0.04499999, 0.29999995, 1.]];[[1.19496419e-14, 9.41332276e-05, 4.36719936e-09, 0.00000000e+00, 0.00000000e+00, 0.00000000e+00], [9.41332276e-05, 8.80030073e-09, 4.36733107e-06, 0.00000000e+00, 0.00000000e+00, 0.00000000e+00], [4.36719936e-09, 4.36733107e-06, 2.91177287e-03, 0.00000000e+00, 0.00000000e+00, 0.00000000e+00], [0.00000000e+00, 0.00000000e+00, 0.00000000e+00, 1.19496419e-14, 9.41332276e-05, 4.36719936e-09], [0.00000000e+00, 0.00000000e+00, 0.00000000e+00, 9.41332276e-05, 8.80030073e-09, 4.36733107e-06], [0.00000000e+00, 0.00000000e+00, 0.00000000e+00, 4.36719936e-09, 4.36733107e-06, 2.91177287e-03]];[[1.43121737, 0], [0, 1.43121737]];[[1.43121737, 0], [0, 1.43121737]]
[7.15240527e+02, 1.75069863e+00, 3.81148685e-01, 3.44779357e+02, 1.20444402e+00, 3.08994436e-01];[0.43900011, 0.56099989];[7.14484405e+02, 9.99412092e-01, 0.00000000e+00, 3.43847619e+02, 3.96930050e-01, 0.00000000e+00];[7.14889403e+02, 1.57393151e+00, 4.53052164e-01, 3.44010808e+02, 6.28892046e-01, 1.83428063e-01];[7.15022116e+02, 1.38266689e+00, 4.88549933e-02, 3.44594043e+02, 9.21708752e-01, 7.02414839e-02];[7.15411441e+02, 2.03869508e+00, 6.41178985e-01, 3.44924371e+02, 1.42569329e+00, 4.95826155e-01];[716., 346.];[[3.50682474e-01, 2.88917561e-03], [2.48245877e-01, 3.25898557e-03], [3.24398495e-02, -1.44342973e-04], [2.88917561e-03, 3.44755564e-01], [3.23469254e-03, 2.41535417e-01], [-1.44342973e-04, 3.27359574e-02]];[[0.46417721, 0.00327971], [0.40872114, 0.00544904], [0.16259626, 0.00379448], [0.00327971, 0.45743258], [0.00542953, 0.39753382], [0.00386529, 0.15488966]];[[3.55125783, 0.0156586], [0.0156586, 3.51913549]];[[3.49210335, 0.02110904], [0.02110904, 3.44869322]];[[0.01327104, 0.05529601, 0.11520001, 0, 0, 0], [0.05529601, 0.23040002, 0.48000002, 0, 0, 0], [0.11520001, 0.48000002, 1., 0, 0, 0], [0, 0, 0, 0.01327104, 0.05529601, 0.11520001], [0, 0, 0, 0.05529601, 0.23040002, 0.48000002], [0, 0, 0, 0.11520001, 0.48000002, 1.]];[[1.24062089e-13, 9.07384004e-05, 1.75701880e-08, 0.00000000e+00, 0.00000000e+00, 0.00000000e+00], [9.07384004e-05, 3.55661248e-08, 1.09822104e-05, 0.00000000e+00, 0.00000000e+00, 0.00000000e+00], [1.75701880e-08, 1.09822104e-05, 4.57679937e-03, 0.00000000e+00, 0.00000000e+00, 0.00000000e+00], [0.00000000e+00, 0.00000000e+00, 0.00000000e+00, 1.24062089e-13, 9.07384004e-05, 1.75701880e-08], [0.00000000e+00, 0.00000000e+00, 0.00000000e+00, 9.07384004e-05, 3.55661248e-08, 1.09822104e-05], [0.00000000e+00, 0.00000000e+00, 0.00000000e+00, 1.75701880e-08, 1.09822104e-05, 4.57679937e-03]];[[1.43121737, 0], [0, 1.43121737]];[[1.43121737, 0], [0, 1.43121737]]
[7.16979561e+02, 1.86762495e+00, 1.75668317e-01, 3.46754891e+02, 1.78895790e+00, 2.31233829e-01];[0.49196263, 0.50803737];[716.76869092, 1.60085419, 0, 346.3084166, 1.35471637, 0.];[7.17130502e+02, 2.09420795e+00, 3.55176565e-01, 3.46661529e+02, 1.84229546e+00, 3.80596668e-01];[7.16894802e+02, 1.68674663e+00, 7.74279470e-03, 3.46660828e+02, 1.58598030e+00, 2.49637229e-02];[7.17061639e+02, 2.04278013e+00, 3.38280534e-01, 3.46845977e+02, 1.98551312e+00, 4.30977375e-01];[717., 347.];[[0.51124226, 0.01135949], [0.33566623, 0.01192886], [0.03597358, -0.00083608], [0.01135949, 0.50577318], [0.01122543, 0.33064325], [-0.00083608, 0.03637611]];[[0.55512841, 0.01058253], [0.43866783, 0.01719271], [0.15744337, 0.01078571], [0.01058253, 0.54902469], [0.01627921, 0.42940771], [0.01024646, 0.15279851]];[[2.92984073, 0.06734052], [0.06734052, 2.89741931]];[[3.21894394, 0.0755353], [0.0755353, 3.17537719]];[[0.01109663, 0.04835132, 0.10534055, 0, 0, 0], [0.04835132, 0.2106811, 0.45900011, 0, 0, 0], [0.10534055, 0.45900011, 1., 0, 0, 0], [0, 0, 0, 0.01109663, 0.04835132, 0.10534055], [0, 0, 0, 0.04835132, 0.2106811, 0.45900011], [0, 0, 0, 0.10534055, 0.45900011, 1.]];[[9.93115323e-14, 9.11297179e-05, 1.53956755e-08, 0.00000000e+00, 0.00000000e+00, 0.00000000e+00], [9.11297179e-05, 3.11479377e-08, 1.00632372e-05, 0.00000000e+00, 0.00000000e+00, 0.00000000e+00], [1.53956755e-08, 1.00632372e-05, 4.38562157e-03, 0.00000000e+00, 0.00000000e+00, 0.00000000e+00], [0.00000000e+00, 0.00000000e+00, 0.00000000e+00, 9.93115323e-14, 9.11297179e-05, 1.53956755e-08], [0.00000000e+00, 0.00000000e+00, 0.00000000e+00, 9.11297179e-05, 3.11479377e-08, 1.00632372e-05], [0.00000000e+00, 0.00000000e+00, 0.00000000e+00, 1.53956755e-08, 1.00632372e-05, 4.38562157e-03]];[[1.43121737, 0], [0, 1.43121737]];[[1.43121737, 0], [0, 1.43121737]]
[7.18530170e+02, 2.30088856e+00, 2.22438842e-01, 3.47350832e+02, 1.60234683e+00, 9.34778232e-02];[0.50997983, 0.49002017];[717.86099795, 1.74162767, 0, 347.57905419, 1.64756657, 0.];[7.18153868e+02, 2.14328601e+00, 2.74792916e-01, 3.47912879e+02, 2.12260861e+00, 3.52180489e-01];[7.18443699e+02, 2.11408129e+00, 5.66710764e-02, 3.47292642e+02, 1.46680428e+00, -2.98118112e-02];[7.18620162e+02, 2.49530493e+00, 3.94958712e-01, 3.47411393e+02, 1.74341033e+00, 2.21789329e-01];[719., 347.];[[0.51662288, 0.00990091], [0.33193716, 0.00971149], [0.04924226, -0.00100862], [0.00990091, 0.51409602], [0.00936539, 0.33058992], [-0.00100862, 0.04949967]];[[0.56292216, 0.01096778], [0.43468945, 0.01729232], [0.15255142, 0.00976347], [0.01096778, 0.55951136], [0.01698191, 0.43112755], [0.00998931, 0.15209405]];[[2.96210745, 0.06035671], [0.06035671, 2.94670351]];[[3.27656091, 0.08158348], [0.08158348, 3.25118979]];[[0.02125763, 0.07873198, 0.14579998, 0, 0, 0], [0.07873198, 0.29159996, 0.53999996, 0, 0, 0], [0.14579998, 0.53999996, 1., 0, 0, 0], [0, 0, 0, 0.02125763, 0.07873198, 0.14579998], [0, 0, 0, 0.07873198, 0.29159996, 0.53999996], [0, 0, 0, 0.14579998, 0.53999996, 1.]];[[2.22825805e-13, 8.96271805e-05, 2.48680285e-08, 0.00000000e+00, 0.00000000e+00, 0.00000000e+00], [8.96271805e-05, 5.04147778e-08, 1.38169152e-05, 0.00000000e+00, 0.00000000e+00, 0.00000000e+00], [2.48680285e-08, 1.38169152e-05, 5.11861984e-03, 0.00000000e+00, 0.00000000e+00, 0.00000000e+00], [0.00000000e+00, 0.00000000e+00, 0.00000000e+00, 2.22825805e-13, 8.96271805e-05, 2.48680285e-08], [0.00000000e+00, 0.00000000e+00, 0.00000000e+00, 8.96271805e-05, 5.04147778e-08, 1.38169152e-05], [0.00000000e+00, 0.00000000e+00, 0.00000000e+00, 2.48680285e-08, 1.38169152e-05, 5.11861984e-03]];[[1.43121737, 0], [0, 1.43121737]];[[1.43121737, 0], [0, 1.43121737]]
[7.19777601e+02, 1.70750388e+00, 1.10045927e-02, 3.49370394e+02, 1.87872958e+00, 1.01455499e-01];[0.53912334, 0.46087666];[719.49705472, 1.5075283, 0, 348.69480964, 1.39542762, 0.];[7.19580533e+02, 1.56975799e+00, -4.52008989e-02, 3.48771485e+02, 1.48357530e+00, 3.51362578e-02];[7.19752652e+02, 1.67718086e+00, 1.24778628e-02, 3.49337820e+02, 1.81402404e+00, 3.34046671e-02];[7.19806786e+02, 1.74297508e+00, 9.28119401e-03, 3.49408497e+02, 1.95442070e+00, 1.81059859e-01];[720, 350.];[[4.92912741e-01, 5.89099156e-03], [3.21368654e-01, 6.14601454e-03], [2.55807937e-02, -2.97180095e-04], [5.89099156e-03, 4.90386597e-01], [6.10857196e-03, 3.18362864e-01], [-2.97180095e-04, 2.57082289e-02]];[[0.51874294, 0.00704722], [0.38359303, 0.01002224], [0.11876363, 0.003797], [0.00704722, 0.51611594], [0.01017591, 0.37978947], [0.0041843, 0.11735181]];[[2.82280726, 0.03263088], [0.03263088, 2.80881466]];[[2.97454889, 0.04332091], [0.04332091, 2.9584001]];[[0.00521283, 0.02743597, 0.07219995, 0, 0, 0], [0.02743597, 0.14439991, 0.37999988, 0, 0, 0], [0.07219995, 0.37999988, 1., 0, 0, 0], [0, 0, 0, 0.00521283, 0.02743597, 0.07219995], [0, 0, 0, 0.02743597, 0.14439991, 0.37999988], [0, 0, 0, 0.07219995, 0.37999988, 1.]];[[3.87923808e-14, 9.26130127e-05, 8.80495793e-09, 0.00000000e+00, 0.00000000e+00, 0.00000000e+00], [9.26130127e-05, 1.77784855e-08, 6.95161943e-06, 0.00000000e+00, 0.00000000e+00, 0.00000000e+00], [8.80495793e-09, 6.95161943e-06, 3.65918852e-03, 0.00000000e+00, 0.00000000e+00, 0.00000000e+00], [0.00000000e+00, 0.00000000e+00, 0.00000000e+00, 3.87923808e-14, 9.26130127e-05, 8.80495793e-09], [0.00000000e+00, 0.00000000e+00, 0.00000000e+00, 9.26130127e-05, 1.77784855e-08, 6.95161943e-06], [0.00000000e+00, 0.00000000e+00, 0.00000000e+00, 8.80495793e-09, 6.95161943e-06, 3.65918852e-03]];[[1.43121737, 0], [0, 1.43121737]];[[1.43121737, 0], [0, 1.43121737]]
[7.21917583e+02, 1.84670891e+00, 2.48941029e-02, 3.51061999e+02, 1.68595424e+00, 4.94715102e-03];[0.5420982, 0.4579018];[721.81215983, 1.76896092, 0, 351.10853252, 1.70498257, 0.];[7.21843578e+02, 1.80105425e+00, 2.27492260e-02, 3.51157960e+02, 1.77035742e+00, 3.83938229e-02];[7.21908411e+02, 1.83112201e+00, 8.61875108e-03, 3.51053289e+02, 1.66931283e+00, -5.01461609e-03];[7.21928441e+02, 1.86516185e+00, 4.41620746e-02, 3.51072311e+02, 1.70565559e+00, 1.67406317e-02];[722., 351.];[[5.13897298e-01, 2.57770946e-03], [3.31891825e-01, 1.67255827e-03], [4.57432741e-02, -2.42567816e-04], [2.57770946e-03, 5.13464581e-01], [1.91179985e-03, 3.31963609e-01], [-2.42567816e-04, 4.57839937e-02]];[[5.45604059e-01, 3.04479358e-03], [4.12442964e-01, 2.58054301e-03], [1.37102922e-01, 2.09462606e-04], [3.04479358e-03, 5.45233628e-01], [3.16306579e-03, 4.12740805e-01], [7.37289869e-04, 1.37810179e-01]];[[2.94435224, 0.01559945], [0.01559945, 2.94173358]];[[3.14985556, 0.0210892], [0.0210892, 3.14728984]];[[0.01813884, 0.0698992, 0.13468053, 0, 0, 0], [0.0698992, 0.26936106, 0.51900005, 0, 0, 0], [0.13468053, 0.51900005, 1., 0, 0, 0], [0, 0, 0, 0.01813884, 0.0698992, 0.13468053], [0, 0, 0, 0.0698992, 0.26936106, 0.51900005], [0, 0, 0, 0.13468053, 0.51900005, 1.]];[[1.82951631e-13, 9.00149575e-05, 2.21243012e-08, 0.00000000e+00, 0.00000000e+00, 0.00000000e+00], [9.00149575e-05, 4.48287132e-08, 1.27897603e-05, 0.00000000e+00, 0.00000000e+00, 0.00000000e+00], [2.21243012e-08, 1.27897603e-05, 4.92972246e-03, 0.00000000e+00, 0.00000000e+00, 0.00000000e+00], [0.00000000e+00, 0.00000000e+00, 0.00000000e+00, 1.82951631e-13, 9.00149575e-05, 2.21243012e-08], [0.00000000e+00, 0.00000000e+00, 0.00000000e+00, 9.00149575e-05, 4.48287132e-08, 1.27897603e-05], [0.00000000e+00, 0.00000000e+00, 0.00000000e+00, 2.21243012e-08, 1.27897603e-05, 4.92972246e-03]];[[1.43121737, 0], [0, 1.43121737]];[[1.43121737, 0], [0, 1.43121737]]
[7.23685060e+02, 1.70358038e+00, 2.78610403e-02, 3.52440448e+02, 1.27589074e+00, -9.84799372e-02];[0.54885493, 0.45114507];[723.31830526, 1.47554971, 0, 352.98521046, 1.65402755, 0.];[7.23260975e+02, 1.37515012e+00, -9.58754763e-02, 3.52992696e+02, 1.65798200e+00, -2.43699080e-03];[7.23682599e+02, 1.70501336e+00, 3.73016848e-02, 3.52458320e+02, 1.32235024e+00, -5.38627947e-02];[7.23688054e+02, 1.70183704e+00, 1.63757229e-02, 3.52418706e+02, 1.21936896e+00, -1.52760346e-01];[724., 352.];[[5.35166271e-01, 5.34101309e-04], [3.36823242e-01, 1.49187332e-04], [5.46283286e-02, -6.27688138e-05], [5.34101309e-04, 5.35169684e-01], [2.39508352e-04, 3.36822033e-01], [-6.27688138e-05, 5.46279275e-02]];[[5.78615719e-01, 5.36263029e-04], [4.42291828e-01, 1.79161585e-04], [1.51702793e-01, -1.40047673e-04], [5.36263029e-04, 5.78612336e-01], [3.67261097e-04, 4.42113630e-01], [-1.77245033e-05, 1.51416193e-01]];[[3.07899184, 0.00353784], [0.00353784, 3.07901444]];[[3.39647147, 0.00432239], [0.00432239, 3.39644419]];[[0.02829123, 0.09755596, 0.16819996, 0, 0, 0], [0.09755596, 0.33639991, 0.57999992, 0, 0, 0], [0.16819996, 0.57999992, 1., 0, 0, 0], [0, 0, 0, 0.02829123, 0.09755596, 0.16819996], [0, 0, 0, 0.09755596, 0.33639991, 0.57999992], [0, 0, 0, 0.16819996, 0.57999992, 1.]];[[3.17819076e-13, 8.88919626e-05, 3.06913881e-08, 0.00000000e+00, 0.00000000e+00, 0.00000000e+00], [8.88919626e-05, 6.22832006e-08, 1.58766381e-05, 0.00000000e+00, 0.00000000e+00, 0.00000000e+00], [3.06913881e-08, 1.58766381e-05, 5.47623816e-03, 0.00000000e+00, 0.00000000e+00, 0.00000000e+00], [0.00000000e+00, 0.00000000e+00, 0.00000000e+00, 3.17819076e-13, 8.88919626e-05, 3.06913881e-08], [0.00000000e+00, 0.00000000e+00, 0.00000000e+00, 8.88919626e-05, 6.22832006e-08, 1.58766381e-05], [0.00000000e+00, 0.00000000e+00, 0.00000000e+00, 3.06913881e-08, 1.58766381e-05, 5.47623816e-03]];[[1.43121737, 0], [0, 1.43121737]];[[1.43121737, 0], [0, 1.43121737]]
[7.25299249e+02, 1.44115044e+00, -4.66955870e-02, 3.53258967e+02, 8.10385151e-01, -1.07685721e-01];[0.56094318, 0.43905682];[725.60860996, 1.65898459, 0, 353.57041339, 1.07451351, 0.];[7.25604178e+02, 1.65425716e+00, -4.72390301e-03, 3.53464336e+02, 8.93881357e-01, -1.64021993e-01];[7.25309045e+02, 1.46378874e+00, -1.24808332e-02, 3.53289405e+02, 8.91138961e-01, -1.16876628e-02];[7.25286734e+02, 1.41222753e+00, -9.04086819e-02, 3.53220078e+02, 7.07213316e-01, -2.30333752e-01];[725., 353.];[[4.92137190e-01, 7.97336658e-05], [3.20679999e-01, 4.69915864e-05], [2.05101309e-02, -3.22005844e-06], [7.97336658e-05, 4.92555254e-01], [7.25726773e-05, 3.21399154e-01], [-3.22005844e-06, 2.04932473e-02]];[[5.25326504e-01, 1.15088689e-04], [4.00464550e-01, 1.67861982e-04], [1.41816592e-01, 5.12490263e-06], [1.15088689e-04, 5.25886070e-01], [2.18090439e-04, 4.01727353e-01], [8.19233951e-05, 1.42703414e-01]];[[2.81811815e+00, 4.42804646e-04], [4.42804646e-04, 2.82043989e+00]];[[3.01516193e+00, 7.31914865e-04], [7.31914865e-04, 3.01872053e+00]];[[0.00334084, 0.01965199, 0.05779997, 0, 0, 0], [0.01965199, 0.11559994, 0.33999991, 0, 0, 0], [0.05779997, 0.33999991, 1., 0, 0, 0], [0, 0, 0, 0.00334084, 0.01965199, 0.05779997], [0, 0, 0, 0.01965199, 0.11559994, 0.33999991], [0, 0, 0, 0.05779997, 0.33999991, 1.]];[[2.22937330e-14, 9.33708253e-05, 6.33204898e-09, 0.00000000e+00, 0.00000000e+00, 0.00000000e+00], [9.33708253e-05, 1.27724768e-08, 5.58731874e-06, 0.00000000e+00, 0.00000000e+00, 0.00000000e+00], [6.33204898e-09, 5.58731874e-06, 3.28697552e-03, 0.00000000e+00, 0.00000000e+00, 0.00000000e+00], [0.00000000e+00, 0.00000000e+00, 0.00000000e+00, 2.22937330e-14, 9.33708253e-05, 6.33204898e-09], [0.00000000e+00, 0.00000000e+00, 0.00000000e+00, 9.33708253e-05, 1.27724768e-08, 5.58731874e-06], [0.00000000e+00, 0.00000000e+00, 0.00000000e+00, 6.33204898e-09, 5.58731874e-06, 3.28697552e-03]];[[1.43121737, 0], [0, 1.43121737]];[[1.43121737, 0], [0, 1.43121737]]
[7.27057048e+02, 2.06634662e+00, 1.35951986e-01, 3.54354821e+02, 1.21435922e+00, 4.14545993e-02];[0.56990273, 0.43009727];[726.17939826, 1.45753115, 0, 353.80141269, 0.86881731, 0.];[7.26129066e+02, 1.37748483e+00, -7.16486040e-02, 3.53643289e+02, 6.30521235e-01, -1.79054119e-01];[7.27032998e+02, 2.01796448e+00, 9.66124670e-02, 3.54364709e+02, 1.23945102e+00, 6.34713951e-02];[7.27088915e+02, 2.13045564e+00, 1.88079030e-01, 3.54341717e+02, 1.18111119e+00, 1.22811242e-02];[728., 355.];[[4.68709926e-01, 2.21266968e-04], [3.07658027e-01, 2.59126981e-04], [5.30807819e-02, -2.21066123e-05], [2.21266968e-04, 4.69631089e-01], [2.87897219e-04, 3.08788154e-01], [-2.21066123e-05, 5.29887492e-02]];[[5.12744419e-01, 3.96837958e-04], [4.01902997e-01, 7.64270140e-04], [1.38406349e-01, 5.73824381e-04], [3.96837958e-04, 5.14248089e-01], [7.90988612e-04, 4.04736144e-01], [5.30843407e-04, 1.40296673e-01]];[[3.37976403e+00, 1.41001881e-03], [1.41001881e-03, 3.38563412e+00]];[[3.71328579e+00, 3.03359125e-03], [3.03359125e-03, 3.72478046e+00]];[[0.03218453, 0.10746089, 0.17940049, 0, 0, 0], [0.10746089, 0.35880097, 0.59899998, 0, 0, 0], [0.17940049, 0.59899998, 1., 0, 0, 0], [0, 0, 0, 0.03218453, 0.10746089, 0.17940049], [0, 0, 0, 0.10746089, 0.35880097, 0.59899998], [0, 0, 0, 0.17940049, 0.59899998, 1.]];[[3.73009723e-13, 8.85442928e-05, 3.37437108e-08, 0.00000000e+00, 0.00000000e+00, 0.00000000e+00], [8.85442928e-05, 6.85102134e-08, 1.69020440e-05, 0.00000000e+00, 0.00000000e+00, 0.00000000e+00], [3.37437108e-08, 1.69020440e-05, 5.64510787e-03, 0.00000000e+00, 0.00000000e+00, 0.00000000e+00], [0.00000000e+00, 0.00000000e+00, 0.00000000e+00, 3.73009723e-13, 8.85442928e-05, 3.37437108e-08], [0.00000000e+00, 0.00000000e+00, 0.00000000e+00, 8.85442928e-05, 6.85102134e-08, 1.69020440e-05], [0.00000000e+00, 0.00000000e+00, 0.00000000e+00, 3.37437108e-08, 1.69020440e-05, 5.64510787e-03]];[[1.43121737, 0], [0, 1.43121737]];[[1.43121737, 0], [0, 1.43121737]]
[7.29138810e+02, 1.88949163e+00, 5.03514333e-04, 3.56456327e+02, 1.69093024e+00, 1.27858603e-01];[0.57908502, 0.42091498];[729.28682778, 1.9669902, 0, 355.756673, 1.20351889, 0.];[7.29368682e+02, 2.08663620e+00, 8.10549709e-02, 3.55737403e+02, 1.19586518e+00, 1.00477359e-02];[7.29130642e+02, 1.86727329e+00, -1.64852019e-02, 3.56433990e+02, 1.63563213e+00, 7.14228697e-02];[7.29150047e+02, 1.92005911e+00, 2.38761941e-02, 3.56487058e+02, 1.76700811e+00, 2.05501570e-01];[729., 357.];[[5.44547174e-01, 4.00302840e-06], [3.47507560e-01, -3.38459049e-05], [5.74720263e-02, -5.05128391e-07], [4.00302840e-06, 5.44762593e-01], [-3.17689222e-06, 3.47545197e-01], [-5.05128391e-07, 5.74448433e-02]];[[5.93297533e-01, 8.15250452e-05], [4.52076935e-01, 7.57849917e-05], [1.55022519e-01, -1.95733737e-05], [8.15250452e-05, 5.93763932e-01], [1.96280016e-04, 4.52413084e-01], [1.70792144e-04, 1.54852928e-01]];[[3.14240528e+00, 2.76320386e-05], [2.76320386e-05, 3.14389227e+00]];[[3.51907732e+00, 7.06222219e-04], [7.06222219e-04, 3.52311756e+00]];[[0.0326165, 0.10854081, 0.1806004, 0, 0, 0], [0.10854081, 0.3612008, 0.60099983, 0, 0, 0], [0.1806004, 0.60099983, 1., 0, 0, 0], [0, 0, 0, 0.0326165, 0.10854081, 0.1806004], [0, 0, 0, 0.10854081, 0.3612008, 0.60099983], [0, 0, 0, 0.1806004, 0.60099983, 1.]];[[3.79236459e-13, 8.85077571e-05, 3.40760419e-08, 0.00000000e+00, 0.00000000e+00, 0.00000000e+00], [8.85077571e-05, 6.91884385e-08, 1.70117242e-05, 0.00000000e+00, 0.00000000e+00, 0.00000000e+00], [3.40760419e-08, 1.70117242e-05, 5.66284499e-03, 0.00000000e+00, 0.00000000e+00, 0.00000000e+00], [0.00000000e+00, 0.00000000e+00, 0.00000000e+00, 3.79236459e-13, 8.85077571e-05, 3.40760419e-08], [0.00000000e+00, 0.00000000e+00, 0.00000000e+00, 8.85077571e-05, 6.91884385e-08, 1.70117242e-05], [0.00000000e+00, 0.00000000e+00, 0.00000000e+00, 3.40760419e-08, 1.70117242e-05, 5.66284499e-03]];[[1.43121737, 0], [0, 1.43121737]];[[1.43121737, 0], [0, 1.43121737]]
[7.30631306e+02, 1.61583831e+00, -1.45036888e-03, 3.58342770e+02, 1.67058368e+00, 9.21617754e-03];[0.58424788, 0.41575212];[730.25128568, 1.39076379, 0, 358.67584745, 1.85137852, 0.];[7.30159876e+02, 1.23224557e+00, -1.67989632e-01, 3.58814602e+02, 2.07419257e+00, 1.79803699e-01];[7.30635741e+02, 1.63676110e+00, 2.94418212e-02, 3.58328462e+02, 1.62878248e+00, -2.65484718e-02];[7.30625074e+02, 1.58643595e+00, -4.48625262e-02, 3.58362876e+02, 1.72932604e+00, 5.94755012e-02];[731., 358.];[[5.13301353e-01, -2.06136757e-04], [3.28250075e-01, -3.42946241e-04], [3.93382107e-02, 1.66613391e-05], [-2.06136757e-04, 5.13771510e-01], [-3.82663530e-04, 3.28934487e-01], [1.66613391e-05, 3.93002095e-02]];[[5.53441363e-01, -2.92684540e-04], [4.20869064e-01, -7.46342794e-04], [1.45855529e-01, -7.24654587e-04], [-2.92684540e-04, 5.54234201e-01], [-7.61431993e-04, 4.22570792e-01], [-6.65550398e-04, 1.47027772e-01]];[[2.94066489e+00, -1.24669602e-03], [-1.24669602e-03, 2.94350836e+00]];[[3.20499452e+00, -2.10436142e-03], [-2.10436142e-03, 3.21069492e+00]];[[0.01338197, 0.0556423, 0.11568047, 0, 0, 0], [0.0556423, 0.23136095, 0.48099995, 0, 0, 0], [0.11568047, 0.48099995, 1., 0, 0, 0], [0, 0, 0, 0.01338197, 0.0556423, 0.11568047], [0, 0, 0, 0.0556423, 0.23136095, 0.48099995], [0, 0, 0, 0.11568047, 0.48099995, 1.]];[[1.25352793e-13, 9.07197986e-05, 1.76784633e-08, 0.00000000e+00, 0.00000000e+00, 0.00000000e+00], [9.07197986e-05, 3.57862001e-08, 1.10269201e-05, 0.00000000e+00, 0.00000000e+00, 0.00000000e+00], [1.76784633e-08, 1.10269201e-05, 4.58588244e-03, 0.00000000e+00, 0.00000000e+00, 0.00000000e+00], [0.00000000e+00, 0.00000000e+00, 0.00000000e+00, 1.25352793e-13, 9.07197986e-05, 1.76784633e-08], [0.00000000e+00, 0.00000000e+00, 0.00000000e+00, 9.07197986e-05, 3.57862001e-08, 1.10269201e-05], [0.00000000e+00, 0.00000000e+00, 0.00000000e+00, 1.76784633e-08, 1.10269201e-05, 4.58588244e-03]];[[1.43121737, 0], [0, 1.43121737]];[[1.43121737, 0], [0, 1.43121737]]
[7.31765874e+02, 1.79543682e+00, 3.42320193e-02, 3.59113742e+02, 1.58562937e+00, -7.28556160e-03];[0.58352518, 0.41647482];[731.51373895, 1.63114649, 0, 359.21626131, 1.63999979, 0.];[7.31483378e+02, 1.58064311e+00, -2.85180691e-02, 3.59283422e+02, 1.73158576e+00, 4.01576280e-02];[7.31762573e+02, 1.79071770e+00, 2.40975508e-02, 3.59105377e+02, 1.56875234e+00, -1.06951342e-02];[7.31770499e+02, 1.80204881e+00, 4.84314795e-02, 3.59125463e+02, 1.60927586e+00, -2.50839039e-03];[732., 359.];[[5.11611696e-01, -2.62505407e-04], [3.27999867e-01, -3.59040578e-04], [4.95686678e-02, 2.66428234e-05], [-2.62505407e-04, 5.12144540e-01], [-3.54836139e-04, 3.28652915e-01], [2.66428234e-05, 4.95145872e-02]];[[5.55507006e-01, -4.71299438e-04], [4.27967313e-01, -1.08804534e-03], [1.48501242e-01, -8.13421242e-04], [-4.71299438e-04, 5.56469882e-01], [-9.79962311e-04, 4.29759991e-01], [-6.03612081e-04, 1.49438332e-01]];[[2.93049152e+00, -1.57683972e-03], [-1.57683972e-03, 2.93369225e+00]];[[3.21989097, -0.00342149], [-0.00342149, 3.22688116]];[[0.02110062, 0.07829542, 0.14526052, 0, 0, 0], [0.07829542, 0.29052104, 0.53900003, 0, 0, 0], [0.14526052, 0.53900003, 1., 0, 0, 0], [0, 0, 0, 0.02110062, 0.07829542, 0.14526052], [0, 0, 0, 0.07829542, 0.29052104, 0.53900003], [0, 0, 0, 0.14526052, 0.53900003, 1.]];[[2.20782539e-13, 8.96456169e-05, 2.47325981e-08, 0.00000000e+00, 0.00000000e+00, 0.00000000e+00], [8.96456169e-05, 5.01389573e-08, 1.37671567e-05, 0.00000000e+00, 0.00000000e+00, 0.00000000e+00], [2.47325981e-08, 1.37671567e-05, 5.10964331e-03, 0.00000000e+00, 0.00000000e+00, 0.00000000e+00], [0.00000000e+00, 0.00000000e+00, 0.00000000e+00, 2.20782539e-13, 8.96456169e-05, 2.47325981e-08], [0.00000000e+00, 0.00000000e+00, 0.00000000e+00, 8.96456169e-05, 5.01389573e-08, 1.37671567e-05], [0.00000000e+00, 0.00000000e+00, 0.00000000e+00, 2.47325981e-08, 1.37671567e-05, 5.10964331e-03]];[[1.43121737, 0], [0, 1.43121737]];[[1.43121737, 0], [0, 1.43121737]]
[7.34346395e+02, 2.25596105e+00, 1.08193511e-01, 3.61200695e+02, 1.77047994e+00, 1.14936621e-02];[0.57362722, 0.42637278];[733.68970283, 1.78817853, 0, 361.37208897, 1.86785441, 0.];[7.33703011e+02, 1.81542173e+00, 2.59608256e-02, 3.61443814e+02, 1.97437543e+00, 1.02435662e-01];[7.34323876e+02, 2.19962774e+00, 3.42878438e-02, 3.61191728e+02, 1.75078163e+00, -9.72298488e-03];[7.34376690e+02, 2.33174995e+00, 2.07623644e-01, 3.61212760e+02, 1.79698136e+00, 4.00378066e-02];[735., 361.];[[4.83962438e-01, -1.03978045e-04], [3.13996805e-01, -5.39686603e-05], [2.61694879e-02, 5.27297314e-06], [-1.03978045e-04, 4.84359042e-01], [-7.02445578e-05, 3.14389146e-01], [5.27297314e-06, 2.61493752e-02]];[[5.19343975e-01, -2.16301105e-04], [3.98009325e-01, -2.57754677e-04], [1.40062541e-01, -7.22539549e-06], [-2.16301105e-04, 5.19978457e-01], [-2.89616770e-04, 3.98856954e-01], [-8.71159281e-05, 1.40339915e-01]];[[2.77347529e+00, -5.59266162e-04], [-5.59266162e-04, 2.77560850e+00]];[[2.97763386e+00, -1.34174290e-03], [-1.34174290e-03, 2.98156964e+00]];[[0.00526792, 0.02765313, 0.07258043, 0, 0, 0], [0.02765313, 0.14516085, 0.3809998, 0, 0, 0], [0.07258043, 0.3809998, 1., 0, 0, 0], [0, 0, 0, 0.00526792, 0.02765313, 0.07258043], [0, 0, 0, 0.02765313, 0.14516085, 0.3809998], [0, 0, 0, 0.07258043, 0.3809998, 1.]];[[3.93032933e-14, 9.25941273e-05, 8.87376483e-09, 0.00000000e+00, 0.00000000e+00, 0.00000000e+00], [9.25941273e-05, 1.79178670e-08, 6.98755809e-06, 0.00000000e+00, 0.00000000e+00, 0.00000000e+00], [8.87376483e-09, 6.98755809e-06, 3.66845509e-03, 0.00000000e+00, 0.00000000e+00, 0.00000000e+00], [0.00000000e+00, 0.00000000e+00, 0.00000000e+00, 3.93032933e-14, 9.25941273e-05, 8.87376483e-09], [0.00000000e+00, 0.00000000e+00, 0.00000000e+00, 9.25941273e-05, 1.79178670e-08, 6.98755809e-06], [0.00000000e+00, 0.00000000e+00, 0.00000000e+00, 8.87376483e-09, 6.98755809e-06, 3.66845509e-03]];[[1.43121737, 0], [0, 1.43121737]];[[1.43121737, 0], [0, 1.43121737]]
[7.36193952e+02, 1.86833103e+00, -2.95504552e-02, 3.63012051e+02, 1.66260578e+00, -8.54986189e-03];[0.58350613, 0.41649387];[736.40125627, 2.00178057, 0, 363.02457155, 1.67404456, 0.];[7.36446285e+02, 2.06467431e+00, 2.60202456e-02, 3.63028499e+02, 1.67070528e+00, -1.43582895e-02];[7.36193653e+02, 1.86786929e+00, -1.98008123e-02, 3.63011833e+02, 1.66581563e+00, -1.20989237e-03];[7.36194370e+02, 1.86897793e+00, -4.32096630e-02, 3.63012356e+02, 1.65810879e+00, -1.88331276e-02];[736., 363.];[[5.17379122e-01, 7.37852480e-05], [3.33723293e-01, 1.10353086e-04], [4.93475104e-02, -7.54446909e-06], [7.37852480e-05, 5.17229918e-01], [8.93652579e-05, 3.33437349e-01], [-7.54446909e-06, 4.93627663e-02]];[[5.64461159e-01, 1.55255870e-04], [4.38475928e-01, 3.88625995e-04], [1.55107095e-01, 2.77630336e-04], [1.55255870e-04, 5.64019595e-01], [2.99950455e-04, 4.37301645e-01], [1.78497390e-04, 1.54222509e-01]];[[2.96551075e+00, 4.53240486e-04], [4.53240486e-04, 2.96459424e+00]];[[3.28608477e+00, 1.17019927e-03], [1.17019927e-03, 3.28275659e+00]];[[0.02141556, 0.07917027, 0.14634057, 0, 0, 0], [0.07917027, 0.29268114, 0.54100013, 0, 0, 0], [0.14634057, 0.54100013, 1., 0, 0, 0], [0, 0, 0, 0.02141556, 0.07917027, 0.14634057], [0, 0, 0, 0.07917027, 0.29268114, 0.54100013], [0, 0, 0, 0.14634057, 0.54100013, 1.]];[[2.24884619e-13, 8.96087426e-05, 2.50039758e-08, 0.00000000e+00, 0.00000000e+00, 0.00000000e+00], [8.96087426e-05, 5.06916605e-08, 1.38667704e-05, 0.00000000e+00, 0.00000000e+00, 0.00000000e+00], [2.50039758e-08, 1.38667704e-05, 5.12759670e-03, 0.00000000e+00, 0.00000000e+00, 0.00000000e+00], [0.00000000e+00, 0.00000000e+00, 0.00000000e+00, 2.24884619e-13, 8.96087426e-05, 2.50039758e-08], [0.00000000e+00, 0.00000000e+00, 0.00000000e+00, 8.96087426e-05, 5.06916605e-08, 1.38667704e-05], [0.00000000e+00, 0.00000000e+00, 0.00000000e+00, 2.50039758e-08, 1.38667704e-05, 5.12759670e-03]];[[1.43121737, 0], [0, 1.43121737]];[[1.43121737, 0], [0, 1.43121737]]
[7.38904220e+02, 2.25070127e+00, 4.85890681e-02, 3.64060437e+02, 1.24581822e+00, -6.26380093e-02];[0.57780855, 0.42219145];[738.77046289, 2.13931016, 0, 364.16530038, 1.35172427, 0.];[7.38831128e+02, 2.22617811e+00, 7.35820777e-02, 3.64075470e+02, 1.20828241e+00, -1.25522889e-01];[7.38888335e+02, 2.21485399e+00, 1.13334200e-02, 3.64080418e+02, 1.29730042e+00, -8.16201356e-03];[7.38925960e+02, 2.29976163e+00, 9.95769120e-02, 3.64033091e+02, 1.17536000e+00, -1.37193512e-01];[739., 364.];[[5.13461207e-01, -7.99417577e-05], [3.29030509e-01, -1.15617982e-04], [4.93809529e-02, 8.11363909e-06], [-7.99417577e-05, 5.13390529e-01], [-1.53238997e-04, 3.29029346e-01], [8.11363909e-06, 4.93881263e-02]];[[5.61513635e-01, -1.06353931e-04], [4.35646842e-01, -1.95882356e-04], [1.53873505e-01, -1.30418610e-04], [-1.06353931e-04, 5.61301081e-01], [-3.27965453e-04, 4.35499435e-01], [-2.90468606e-04, 1.53989828e-01]];[[2.94163061e+00, -4.83260469e-04], [-4.83260469e-04, 2.94120335e+00]];[[3.26399534e+00, -7.91291519e-04], [-7.91291519e-04, 3.26241390e+00]];[[0.02110062, 0.07829542, 0.14526052, 0, 0, 0], [0.07829542, 0.29052104, 0.53900003, 0, 0, 0], [0.14526052, 0.53900003, 1., 0, 0, 0], [0, 0, 0, 0.02110062, 0.07829542, 0.14526052], [0, 0, 0, 0.07829542, 0.29052104, 0.53900003], [0, 0, 0, 0.14526052, 0.53900003, 1.]];[[2.20782539e-13, 8.96456169e-05, 2.47325981e-08, 0.00000000e+00, 0.00000000e+00, 0.00000000e+00], [8.96456169e-05, 5.01389573e-08, 1.37671567e-05, 0.00000000e+00, 0.00000000e+00, 0.00000000e+00], [2.47325981e-08, 1.37671567e-05, 5.10964331e-03, 0.00000000e+00, 0.00000000e+00, 0.00000000e+00], [0.00000000e+00, 0.00000000e+00, 0.00000000e+00, 2.20782539e-13, 8.96456169e-05, 2.47325981e-08], [0.00000000e+00, 0.00000000e+00, 0.00000000e+00, 8.96456169e-05, 5.01389573e-08, 1.37671567e-05], [0.00000000e+00, 0.00000000e+00, 0.00000000e+00, 2.47325981e-08, 1.37671567e-05, 5.10964331e-03]];[[1.43121737, 0], [0, 1.43121737]];[[1.43121737, 0], [0, 1.43121737]]
[7.40238948e+02, 1.68661215e+00, -7.21279813e-02, 3.66662727e+02, 1.98289771e+00, 9.60827829e-02];[0.55606388, 0.44393612];[740.51633668, 1.89398091, 0, 366.2752139, 1.69704492, 0.];[7.40487535e+02, 1.83940529e+00, -6.15393771e-02, 3.66306451e+02, 1.75785850e+00, 7.34033977e-02];[7.40254089e+02, 1.72767707e+00, -2.57885679e-02, 3.66643316e+02, 1.93053638e+00, 3.62014090e-02];[7.40219983e+02, 1.63517521e+00, -1.30171633e-01, 3.66687040e+02, 2.04848427e+00, 1.71088774e-01];[740, 367.];[[5.07382873e-01, -3.69299503e-04], [3.21464148e-01, -4.41654629e-04], [4.99978695e-02, 3.74818239e-05], [-3.69299503e-04, 5.07613954e-01], [-4.76917726e-04, 3.21812474e-01], [3.74818239e-05, 4.99744162e-02]];[[5.48014788e-01, -5.41495988e-04], [4.17504673e-01, -9.82971590e-04], [1.39885496e-01, -6.24490913e-04], [-5.41495988e-04, 5.48375507e-01], [-1.06210729e-03, 4.18294549e-01], [-6.81010493e-04, 1.40369743e-01]];[[2.90533580e+00, -2.17906067e-03], [-2.17906067e-03, 2.90669929e+00]];[[3.16651826, -0.00379664], [-0.00379664, 3.1690474]];[[0.02110062, 0.07829542, 0.14526052, 0, 0, 0], [0.07829542, 0.29052104, 0.53900003, 0, 0, 0], [0.14526052, 0.53900003, 1., 0, 0, 0], [0, 0, 0, 0.02110062, 0.07829542, 0.14526052], [0, 0, 0, 0.07829542, 0.29052104, 0.53900003], [0, 0, 0, 0.14526052, 0.53900003, 1.]];[[2.20782539e-13, 8.96456169e-05, 2.47325981e-08, 0.00000000e+00, 0.00000000e+00, 0.00000000e+00], [8.96456169e-05, 5.01389573e-08, 1.37671567e-05, 0.00000000e+00, 0.00000000e+00, 0.00000000e+00], [2.47325981e-08, 1.37671567e-05, 5.10964331e-03, 0.00000000e+00, 0.00000000e+00, 0.00000000e+00], [0.00000000e+00, 0.00000000e+00, 0.00000000e+00, 2.20782539e-13, 8.96456169e-05, 2.47325981e-08], [0.00000000e+00, 0.00000000e+00, 0.00000000e+00, 8.96456169e-05, 5.01389573e-08, 1.37671567e-05], [0.00000000e+00, 0.00000000e+00, 0.00000000e+00, 2.47325981e-08, 1.37671567e-05, 5.10964331e-03]];[[1.43121737, 0], [0, 1.43121737]];[[1.43121737, 0], [0, 1.43121737]]
[7.42772585e+02, 2.18398371e+00, 6.11389937e-02, 3.68945527e+02, 2.21083511e+00, 7.22265908e-02];[0.56434452, 0.43565548];[742.53155386, 2.00500957, 0, 368.84220472, 2.09382527, 0.];[7.42545045e+02, 2.03090496e+00, 4.05434185e-02, 3.68956916e+02, 2.28031058e+00, 1.49880905e-01];[7.42759840e+02, 2.15163375e+00, 2.10591394e-02, 3.68919061e+02, 2.14321398e+00, 7.09736937e-03];[7.42789095e+02, 2.22588959e+00, 1.13058108e-01, 3.68979810e+02, 2.29843096e+00, 1.56594449e-01];[743., 369.];[[4.87436572e-01, -3.27995942e-04], [3.13118117e-01, -3.47275952e-04], [4.49456172e-02, 2.87612795e-05], [-3.27995942e-04, 4.88037143e-01], [-3.25780627e-04, 3.13959476e-01], [2.87612795e-05, 4.48929543e-02]];[[5.36481614e-01, -5.71649997e-04], [4.28674284e-01, -9.96282512e-04], [1.59437187e-01, -5.12319677e-04], [-5.71649997e-04, 5.37433411e-01], [-9.52808831e-04, 4.30638887e-01], [-4.71088320e-04, 1.60797258e-01]];[[2.79227482e+00, -1.78890870e-03], [-1.78890870e-03, 2.79555037e+00]];[[3.08772984, -0.00381588], [-0.00381588, 3.09408328]];[[0.01575037, 0.06287572, 0.12550046, 0, 0, 0], [0.06287572, 0.25100093, 0.50099993, 0, 0, 0], [0.12550046, 0.50099993, 1., 0, 0, 0], [0, 0, 0, 0.01575037, 0.06287572, 0.12550046], [0, 0, 0, 0.06287572, 0.25100093, 0.50099993], [0, 0, 0, 0.12550046, 0.50099993, 1.]];[[1.53503537e-13, 9.03483253e-05, 1.99369212e-08, 0.00000000e+00, 0.00000000e+00, 0.00000000e+00], [9.03483253e-05, 4.03782873e-08, 1.19392767e-05, 0.00000000e+00, 0.00000000e+00, 0.00000000e+00], [1.99369212e-08, 1.19392767e-05, 4.76717591e-03, 0.00000000e+00, 0.00000000e+00, 0.00000000e+00], [0.00000000e+00, 0.00000000e+00, 0.00000000e+00, 1.53503537e-13, 9.03483253e-05, 1.99369212e-08], [0.00000000e+00, 0.00000000e+00, 0.00000000e+00, 9.03483253e-05, 4.03782873e-08, 1.19392767e-05], [0.00000000e+00, 0.00000000e+00, 0.00000000e+00, 1.99369212e-08, 1.19392767e-05, 4.76717591e-03]];[[1.43121737, 0], [0, 1.43121737]];[[1.43121737, 0], [0, 1.43121737]]
[7.45023040e+02, 2.26239096e+00, 3.14483987e-02, 3.71395822e+02, 2.33011162e+00, 1.07253515e-02];[0.5764731, 0.4235269];[745.01976557, 2.23540365, 0, 371.73650529, 2.51700346, 0.];[7.45090251e+02, 2.34894827e+00, 9.09885382e-02, 3.71922156e+02, 2.79966092e+00, 2.19378451e-01];[7.45009851e+02, 2.22864579e+00, -8.63832111e-04, 3.71376617e+02, 2.28257671e+00, -3.30247492e-02];[7.45040992e+02, 2.30832237e+00, 7.54293867e-02, 3.71421963e+02, 2.39481259e+00, 7.02747113e-02];[745., 371.];[[4.87096962e-01, 3.89145954e-04], [3.16311725e-01, 6.86736080e-04], [4.49753968e-02, -3.41233964e-05], [3.89145954e-04, 4.88632890e-01], [6.50152373e-04, 3.18278647e-01], [-3.41233964e-05, 4.48407145e-02]];[[0.54009715, 0.00055845], [0.43473168, 0.00150825], [0.15908204, 0.00130326], [0.00055845, 0.54236162], [0.00133445, 0.43889323], [0.00100895, 0.16159167]];[[2.79042643e+00, 2.12349041e-03], [2.12349041e-03, 2.79880768e+00]];[[3.11200398, 0.00379754], [0.00379754, 3.12740268]];[[0.01575037, 0.06287572, 0.12550046, 0, 0, 0], [0.06287572, 0.25100093, 0.50099993, 0, 0, 0], [0.12550046, 0.50099993, 1., 0, 0, 0], [0, 0, 0, 0.01575037, 0.06287572, 0.12550046], [0, 0, 0, 0.06287572, 0.25100093, 0.50099993], [0, 0, 0, 0.12550046, 0.50099993, 1.]];[[1.53503537e-13, 9.03483253e-05, 1.99369212e-08, 0.00000000e+00, 0.00000000e+00, 0.00000000e+00], [9.03483253e-05, 4.03782873e-08, 1.19392767e-05, 0.00000000e+00, 0.00000000e+00, 0.00000000e+00], [1.99369212e-08, 1.19392767e-05, 4.76717591e-03, 0.00000000e+00, 0.00000000e+00, 0.00000000e+00], [0.00000000e+00, 0.00000000e+00, 0.00000000e+00, 1.53503537e-13, 9.03483253e-05, 1.99369212e-08], [0.00000000e+00, 0.00000000e+00, 0.00000000e+00, 9.03483253e-05, 4.03782873e-08, 1.19392767e-05], [0.00000000e+00, 0.00000000e+00, 0.00000000e+00, 1.99369212e-08, 1.19392767e-05, 4.76717591e-03]];[[1.43121737, 0], [0, 1.43121737]];[[1.43121737, 0], [0, 1.43121737]]
[7.47820021e+02, 2.76211754e+00, 9.62084492e-02, 3.73091023e+02, 2.12211438e+00, -2.36674618e-02];[0.56782865, 0.43217135];[747.60500931, 2.56373555, 0, 373.16829808, 2.17894673, 0.];[7.47722815e+02, 2.75363131e+00, 1.62405724e-01, 3.73185181e+02, 2.18918285e+00, -1.92156447e-02];[7.47787029e+02, 2.68251341e+00, 1.44042139e-02, 3.73090828e+02, 2.12849671e+00, -6.14310353e-03];[7.47863369e+02, 2.86670916e+00, 2.03690789e-01, 3.73091279e+02, 2.11372866e+00, -4.66926637e-02];[748., 373.];[[4.61039226e-01, 5.11773932e-04], [3.00978434e-01, 6.28755950e-04], [3.64524758e-02, -3.46137006e-05], [5.11773932e-04, 4.61518052e-01], [5.82302232e-04, 3.01132557e-01], [-3.46137006e-05, 3.64200905e-02]];[[5.07617872e-01, 8.10200177e-04], [4.08948227e-01, 1.49209358e-03], [1.49499567e-01, 8.31148504e-04], [8.10200177e-04, 5.08293327e-01], [1.26528984e-03, 4.09356122e-01], [4.48381519e-04, 1.49050524e-01]];[[2.65551544e+00, 2.52380528e-03], [2.52380528e-03, 2.65787677e+00]];[[2.90672867, 0.00478951], [0.00478951, 2.91072163]];[[0.00937024, 0.04259202, 0.09680003, 0, 0, 0], [0.04259202, 0.19360005, 0.44000006, 0, 0, 0], [0.09680003, 0.44000006, 1., 0, 0, 0], [0, 0, 0, 0.00937024, 0.04259202, 0.09680003], [0, 0, 0, 0.04259202, 0.19360005, 0.44000006], [0, 0, 0, 0.09680003, 0.44000006, 1.]];[[8.04738094e-14, 9.14848428e-05, 1.35875147e-08, 0.00000000e+00, 0.00000000e+00, 0.00000000e+00], [9.14848428e-05, 2.74765950e-08, 9.26481124e-06, 0.00000000e+00, 0.00000000e+00, 0.00000000e+00], [1.35875147e-08, 9.26481124e-06, 4.21195669e-03, 0.00000000e+00, 0.00000000e+00, 0.00000000e+00], [0.00000000e+00, 0.00000000e+00, 0.00000000e+00, 8.04738094e-14, 9.14848428e-05, 1.35875147e-08], [0.00000000e+00, 0.00000000e+00, 0.00000000e+00, 9.14848428e-05, 2.74765950e-08, 9.26481124e-06], [0.00000000e+00, 0.00000000e+00, 0.00000000e+00, 1.35875147e-08, 9.26481124e-06, 4.21195669e-03]];[[1.43121737, 0], [0, 1.43121737]];[[1.43121737, 0], [0, 1.43121737]]
